1
9
跳高
  0 0 米 2 30 15
  150
    45 46 47 48 49 50 51 52 53 54 55 56 57 58 59 60 61 62 63 64 65 66 67 68 69 70 71 72 73 74 75 76 77 78 79 80 81 82 83 84 85 86 87 88 89 90 91 92 93 94 95 96 97 98 99 100 101 102 103 104 105 106 107 108 109 110 111 112 113 114 115 116 117 118 119 120 121 122 123 124 125 126 127 128 129 130 131 132 133 134 135 136 137 138 139 140 141 142 143 144 145 146 147 148 149 150 151 152 153 154 155 156 157 158 159 160 161 162 163 164 165 166 167 168 169 170 171 172 173 174 175 176 177 178 179 180 181 182 183 184 185 186 187 188 189 190 191 192 193 194 
  1
  5
    30 170 234 0 1 104 235 0 1 90 239 0 1 144 412 0 1 49 410 0 1 141 405 0 1 182 411 0 1 91 980 0 1 108 320 0 1 127 234 0 1 156 256 0 1 186 232 0 1 70 0 0 0 160 236 0 1 63 264 0 1 132 223 0 1 143 286 0 1 67 264 0 1 77 264 0 1 189 235 0 1 165 212 0 1 87 285 0 1 161 236 0 1 157 246 0 1 81 223 0 1 84 265 0 1 80 264 0 1 194 227 0 1 53 295 0 1 129 257 0 1 0
    30 177 245 0 1 133 237 0 1 149 278 0 1 193 253 0 1 64 257 0 1 124 223 0 1 119 275 0 1 167 274 0 1 152 264 0 1 136 246 0 1 118 274 0 1 172 242 0 1 173 242 0 1 115 0 0 0 126 221 0 1 98 264 0 1 46 243 0 1 76 247 0 1 145 258 0 1 99 287 0 1 105 275 0 1 111 209 0 1 179 240 0 1 123 270 0 1 180 224 0 1 125 285 0 1 82 233 0 1 139 220 0 1 93 276 0 1 69 264 0 1 0
    30 181 225 0 1 187 278 0 1 50 264 0 1 83 275 0 1 55 286 0 1 183 223 0 1 100 254 0 1 57 265 0 1 175 234 0 1 74 237 0 1 137 252 0 1 102 212 0 1 48 223 0 1 103 0 0 0 138 0 0 0 135 253 0 1 130 223 0 1 101 260 0 1 171 240 0 1 51 210 0 1 153 275 0 1 188 234 0 1 154 285 0 1 151 257 0 1 61 263 0 1 75 223 0 1 155 275 0 1 59 274 0 1 54 297 0 1 166 274 0 1 0
    30 95 285 0 1 162 226 0 1 140 286 0 1 176 252 0 1 79 235 0 1 114 252 0 1 192 212 0 1 73 264 0 1 68 278 0 1 164 253 0 1 45 223 0 1 146 212 0 1 134 275 0 1 168 285 0 1 89 297 0 1 122 265 0 1 97 223 0 1 47 265 0 1 94 286 0 1 148 221 0 1 60 268 0 1 56 264 0 1 128 223 0 1 159 275 0 1 62 212 0 1 58 286 0 1 117 286 0 1 174 246 0 1 113 223 0 1 178 246 0 1 0
    30 96 285 0 1 121 296 0 1 65 212 0 1 106 235 0 1 52 278 0 1 191 254 0 1 71 243 0 1 107 212 0 1 72 256 0 1 66 263 0 1 110 224 0 1 120 242 0 1 184 263 0 1 92 275 0 1 131 0 0 0 78 272 0 1 158 223 0 1 142 214 0 1 112 264 0 1 150 275 0 1 116 297 0 1 169 275 0 1 190 354 0 1 147 397 0 1 109 334 0 1 88 323 0 1 85 140 0 1 163 0 0 0 185 0 0 0 86 0 0 0 0
100米
  1 1 米 2 8 8
  150
    195 196 197 198 199 200 201 202 203 204 205 206 207 208 209 210 211 212 213 214 215 216 217 218 219 220 221 222 223 224 225 226 227 228 229 230 231 232 233 234 235 236 237 238 239 240 241 242 243 244 245 246 247 248 249 250 251 252 253 254 255 256 257 258 259 260 261 262 263 264 265 266 267 268 269 270 271 272 273 274 275 276 277 278 279 280 281 282 283 284 285 286 287 288 289 290 291 292 293 294 295 296 297 298 299 300 301 302 303 304 305 306 307 308 309 310 311 312 313 314 315 316 317 318 319 320 321 322 323 324 325 326 327 328 329 330 331 332 333 334 335 336 337 338 339 340 341 342 343 344 
  1
  19
    8 260 1391 0 1 341 1221 0 1 241 1277 0 1 230 1504 0 1 239 924 0 1 211 1451 0 1 242 1306 0 1 265 1088 0 1 0
    8 292 946 0 1 305 1208 0 1 291 1026 0 1 244 1067 0 1 217 1480 0 1 261 1238 0 1 301 1311 0 1 273 952 0 1 0
    8 284 1200 0 1 294 1125 0 1 214 1203 0 1 314 1397 0 1 334 1211 0 1 210 1128 0 1 278 1328 0 1 322 1226 0 1 0
    8 207 1274 0 1 249 1136 0 1 229 881 0 1 199 1341 0 1 268 943 0 1 236 1285 0 1 316 1443 0 1 277 1199 0 1 0
    8 274 1367 0 1 235 1203 0 1 203 1126 0 1 234 1392 0 1 311 1239 0 1 276 1111 0 1 336 1503 0 1 304 1290 0 1 0
    8 312 993 0 1 343 1122 0 1 222 963 0 1 250 1364 0 1 206 1501 0 1 315 1278 0 1 228 895 0 1 318 1093 0 1 0
    8 232 914 0 1 197 1296 0 1 252 963 0 1 295 1432 0 1 240 1443 0 1 327 1268 0 1 279 1350 0 1 275 1437 0 1 0
    8 212 887 0 1 282 960 0 1 267 1341 0 1 326 1281 0 1 226 1020 0 1 286 920 0 1 337 988 0 1 306 1286 0 1 0
    8 247 1100 0 1 280 1086 0 1 313 1118 0 1 323 1310 0 1 271 1403 0 1 223 1406 0 1 253 1222 0 1 308 1277 0 1 0
    8 243 1400 0 1 272 1467 0 1 344 972 0 1 285 1290 0 1 227 1141 0 1 259 1043 0 1 202 966 0 1 238 1437 0 1 0
    8 333 920 0 1 307 1157 0 1 296 1253 0 1 329 1075 0 1 298 1236 0 1 297 1025 0 1 266 1081 0 1 338 950 0 1 0
    8 340 1407 0 1 209 965 0 1 195 1063 0 1 269 1393 0 1 224 1464 0 1 309 1394 0 1 302 1364 0 1 251 1280 0 1 0
    8 283 1114 0 1 331 1438 0 1 287 1027 0 1 204 1443 0 1 215 1027 0 1 262 1041 0 1 220 1232 0 1 257 1522 0 1 0
    8 201 912 0 1 300 930 0 1 208 1221 0 1 332 1157 0 1 264 939 0 1 342 1047 0 1 339 1461 0 1 290 1030 0 1 0
    8 254 973 0 1 328 959 0 1 303 1488 0 1 281 930 0 1 205 908 0 1 248 915 0 1 288 1097 0 1 196 1476 0 1 0
    8 237 1138 0 1 221 1161 0 1 270 1497 0 1 263 1426 0 1 324 1227 0 1 330 1429 0 1 293 1332 0 1 225 1138 0 1 0
    8 200 1047 0 1 216 880 0 1 310 1221 0 1 233 1503 0 1 246 1138 0 1 320 1035 0 1 198 1261 0 1 255 1044 0 1 0
    8 319 1325 0 1 219 1496 0 1 335 1162 0 1 245 1460 0 1 299 882 0 1 213 1494 0 1 325 1271 0 1 231 1392 0 1 0
    6 218 1255 0 1 256 970 0 1 289 1023 0 1 321 1128 0 1 258 880 0 1 317 0 0 0 0
400米
  1 1 米 2 8 8
  149
    345 346 347 348 349 350 351 352 353 354 355 356 357 358 359 360 361 362 363 364 365 366 367 368 369 370 371 372 373 374 375 376 377 378 379 380 381 382 383 384 385 386 387 388 389 390 391 392 393 394 395 396 397 398 399 400 401 402 403 404 405 406 407 408 409 410 411 412 413 414 415 416 417 418 419 420 421 422 423 424 425 426 427 428 429 430 431 432 433 434 435 436 437 438 439 440 441 442 443 444 445 446 447 448 449 450 451 452 453 454 455 456 457 458 459 460 461 462 463 464 465 466 467 468 469 470 471 472 473 474 475 476 477 478 479 480 481 482 483 484 485 486 487 488 489 490 491 492 493 
  1
  19
    8 457 6038 0 1 427 5587 0 1 358 4614 0 1 437 6096 0 1 458 6300 0 1 367 5142 0 1 436 5413 0 1 478 6433 0 1 0
    8 377 4172 0 1 392 6707 0 1 349 5601 0 1 472 4232 0 1 486 5493 0 1 476 4609 0 1 432 6310 0 1 471 5743 0 1 0
    8 414 5824 0 1 491 4619 0 1 403 6308 0 1 430 4423 0 1 373 4388 0 1 375 6048 0 1 456 4923 0 1 368 6567 0 1 0
    8 412 4850 0 1 460 4982 0 1 396 4468 0 1 435 6022 0 1 381 6288 0 1 385 5956 0 1 493 5673 0 1 490 6059 0 1 0
    8 434 4762 0 1 365 4479 0 1 348 4104 0 1 488 4260 0 1 473 6213 0 1 470 6335 0 1 423 4652 0 1 474 4403 0 1 0
    8 475 5550 0 1 415 4137 0 1 402 4398 0 1 431 5291 0 1 411 6072 0 1 425 5899 0 1 429 5525 0 1 397 4294 0 1 0
    8 447 5245 0 1 372 4629 0 1 449 5925 0 1 354 4861 0 1 428 5245 0 1 389 4709 0 1 463 5615 0 1 452 5496 0 1 0
    8 378 5748 0 1 439 4520 0 1 356 5422 0 1 424 6624 0 1 483 5924 0 1 357 6524 0 1 433 4598 0 1 386 4981 0 1 0
    8 453 4568 0 1 410 6709 0 1 487 5299 0 1 390 6716 0 1 450 4356 0 1 363 5739 0 1 383 4347 0 1 489 5247 0 1 0
    8 366 6542 0 1 464 4227 0 1 406 6445 0 1 485 4860 0 1 451 4696 0 1 371 6116 0 1 350 5177 0 1 369 4629 0 1 0
    8 345 5746 0 1 492 5684 0 1 409 5284 0 1 445 5322 0 1 459 5667 0 1 405 5764 0 1 382 6341 0 1 379 6273 0 1 0
    8 362 5738 0 1 346 5990 0 1 376 5583 0 1 479 5083 0 1 384 4583 0 1 353 6034 0 1 351 5555 0 1 391 6473 0 1 0
    8 420 4737 0 1 467 4595 0 1 468 5685 0 1 401 5931 0 1 416 5632 0 1 380 5021 0 1 480 5396 0 1 441 4311 0 1 0
    8 481 6042 0 1 364 5704 0 1 393 5726 0 1 400 5912 0 1 407 6209 0 1 462 4491 0 1 359 5610 0 1 408 6375 0 1 0
    8 360 6490 0 1 418 5711 0 1 404 6008 0 1 443 4213 0 1 484 5850 0 1 461 6660 0 1 482 4926 0 1 370 5592 0 1 0
    8 438 4902 0 1 387 4556 0 1 444 4385 0 1 352 6378 0 1 413 6331 0 1 442 6051 0 1 399 4506 0 1 374 4957 0 1 0
    8 448 4308 0 1 394 4301 0 1 395 5780 0 1 469 6250 0 1 398 5529 0 1 440 5275 0 1 419 5172 0 1 426 4883 0 1 0
    8 417 5320 0 1 465 5414 0 1 466 4500 0 1 477 4947 0 1 454 6035 0 1 422 4923 0 1 347 6267 0 1 388 6614 0 1 0
    5 455 6389 0 1 421 6001 0 1 361 4887 0 1 446 6575 0 1 355 0 0 0 0
铅球
  0 0 米 2 15 15
  150
    494 495 496 497 498 499 500 501 502 503 504 505 506 507 508 509 510 511 512 513 514 515 516 517 518 519 520 521 522 523 524 525 526 527 528 529 457 530 531 532 533 534 535 536 537 538 539 540 541 542 543 544 545 546 547 548 549 550 551 95 552 553 554 555 556 557 558 559 560 561 562 563 564 565 566 567 568 569 570 571 572 573 574 575 576 577 578 579 580 581 582 583 584 585 586 587 588 589 590 591 592 593 594 595 596 597 598 599 600 601 602 603 604 605 606 607 608 609 610 611 612 613 614 615 616 617 618 619 620 621 622 623 624 625 626 627 628 629 630 631 632 633 634 635 636 637 638 639 640 641 
  1
  10
    15 504 601 0 1 506 1051 0 1 570 755 0 1 556 1247 0 1 496 1068 0 1 554 984 0 1 591 880 0 1 572 1317 0 1 513 1258 0 1 623 1197 0 1 576 739 0 1 577 1287 0 1 625 1168 0 1 540 1011 0 1 636 843 0 1 0
    15 521 612 0 1 630 673 0 1 594 892 0 1 633 718 0 1 514 733 0 1 634 1391 0 1 525 957 0 1 641 695 0 1 551 604 0 1 559 607 0 1 562 902 0 1 565 1025 0 1 511 1057 0 1 557 1081 0 1 542 1086 0 1 0
    15 613 733 0 1 563 1130 0 1 626 961 0 1 544 882 0 1 564 646 0 1 619 1086 0 1 498 1227 0 1 509 1242 0 1 503 1016 0 1 629 842 0 1 618 1301 0 1 527 1181 0 1 529 1365 0 1 589 1341 0 1 637 1031 0 1 0
    15 609 714 0 1 638 970 0 1 567 788 0 1 549 1290 0 1 631 768 0 1 528 1224 0 1 555 1275 0 1 548 1397 0 1 500 1400 0 1 538 1089 0 1 494 914 0 1 621 813 0 1 566 838 0 1 499 1272 0 1 543 619 0 1 0
    15 530 901 0 1 581 674 0 1 599 1142 0 1 592 645 0 1 535 607 0 1 508 1335 0 1 553 821 0 1 537 818 0 1 600 1070 0 1 605 1153 0 1 593 1270 0 1 579 1181 0 1 590 988 0 1 550 764 0 1 627 1195 0 1 0
    15 585 975 0 1 597 966 0 1 575 1359 0 1 505 1196 0 1 611 687 0 1 526 1079 0 1 517 908 0 1 588 1188 0 1 607 1087 0 1 622 1058 0 1 539 889 0 1 457 721 0 1 541 780 0 1 552 940 0 1 569 1242 0 1 0
    15 534 1014 0 1 536 1392 0 1 580 1201 0 1 606 876 0 1 582 735 0 1 595 1126 0 1 603 994 0 1 620 651 0 1 616 1160 0 1 612 1004 0 1 615 718 0 1 495 1360 0 1 617 713 0 1 545 1324 0 1 512 1154 0 1 0
    15 510 842 0 1 547 941 0 1 502 656 0 1 614 1373 0 1 610 1147 0 1 571 723 0 1 583 1302 0 1 520 1257 0 1 602 1066 0 1 516 753 0 1 624 742 0 1 573 1254 0 1 635 980 0 1 522 724 0 1 561 1003 0 1 0
    15 632 1186 0 1 558 924 0 1 604 824 0 1 587 1055 0 1 568 1146 0 1 523 1205 0 1 532 1178 0 1 515 980 0 1 601 698 0 1 598 894 0 1 507 1268 0 1 497 628 0 1 640 1014 0 1 596 1130 0 1 628 941 0 1 0
    15 533 684 0 1 95 1359 0 1 584 1337 0 1 574 1040 0 1 639 877 0 1 519 977 0 1 524 900 0 1 560 1278 0 1 586 853 0 1 531 965 0 1 578 818 0 1 608 1386 0 1 546 838 0 1 501 1191 0 1 518 0 0 0 0
1500米
  1 1 米 2 32 16
  150
    642 643 644 645 646 647 648 649 598 650 651 652 653 654 655 656 657 658 659 660 661 662 663 664 665 666 667 668 669 670 671 672 673 674 675 676 677 678 679 680 681 682 683 684 685 686 687 688 689 690 691 692 693 694 695 696 697 698 699 700 701 702 703 704 312 705 706 707 708 709 710 711 712 713 714 715 716 717 718 719 720 721 722 723 724 725 726 727 728 729 730 731 732 733 734 735 433 736 737 738 739 740 741 742 743 744 745 746 747 748 749 750 751 752 753 754 514 755 756 757 758 759 760 761 762 763 764 765 766 767 768 769 770 771 772 773 774 775 776 777 778 779 780 781 782 783 784 785 786 449 
  1
  5
    32 674 0 0 0 670 0 0 0 717 0 0 0 769 0 0 0 701 0 0 0 728 0 0 0 672 0 0 0 748 0 0 0 698 0 0 0 720 0 0 0 312 0 0 0 772 0 0 0 774 0 0 0 743 0 0 0 671 0 0 0 775 0 0 0 755 0 0 0 449 0 0 0 689 0 0 0 667 0 0 0 744 0 0 0 707 0 0 0 666 0 0 0 716 0 0 0 718 0 0 0 692 0 0 0 647 0 0 0 648 0 0 0 693 0 0 0 514 0 0 0 708 0 0 0 783 0 0 0 0
    32 712 0 0 0 658 0 0 0 763 0 0 0 660 0 0 0 661 0 0 0 722 0 0 0 784 0 0 0 756 0 0 0 700 0 0 0 663 0 0 0 702 0 0 0 683 0 0 0 710 0 0 0 751 0 0 0 656 0 0 0 723 0 0 0 757 0 0 0 749 0 0 0 706 0 0 0 759 0 0 0 747 0 0 0 711 0 0 0 659 0 0 0 733 0 0 0 786 0 0 0 686 0 0 0 651 0 0 0 779 0 0 0 699 0 0 0 776 0 0 0 745 0 0 0 746 0 0 0 0
    32 738 0 0 0 654 0 0 0 675 0 0 0 685 0 0 0 754 0 0 0 688 0 0 0 681 0 0 0 773 0 0 0 725 0 0 0 771 0 0 0 645 0 0 0 781 0 0 0 761 0 0 0 719 0 0 0 694 0 0 0 750 0 0 0 753 0 0 0 665 0 0 0 690 0 0 0 669 0 0 0 677 0 0 0 691 0 0 0 680 0 0 0 766 0 0 0 644 0 0 0 709 0 0 0 737 0 0 0 741 0 0 0 682 0 0 0 433 0 0 0 770 0 0 0 664 0 0 0 0
    32 714 0 0 0 662 0 0 0 735 0 0 0 673 0 0 0 649 0 0 0 739 0 0 0 687 0 0 0 642 0 0 0 676 0 0 0 731 0 0 0 729 0 0 0 678 0 0 0 768 0 0 0 765 0 0 0 762 0 0 0 726 0 0 0 724 0 0 0 736 0 0 0 652 0 0 0 734 0 0 0 679 0 0 0 778 0 0 0 740 0 0 0 721 0 0 0 760 0 0 0 697 0 0 0 767 0 0 0 598 0 0 0 727 0 0 0 643 0 0 0 657 0 0 0 713 0 0 0 0
    22 650 0 0 0 777 0 0 0 705 0 0 0 703 0 0 0 730 0 0 0 696 0 0 0 646 0 0 0 764 0 0 0 653 0 0 0 684 0 0 0 695 0 0 0 655 0 0 0 780 0 0 0 758 0 0 0 715 0 0 0 752 0 0 0 782 0 0 0 668 0 0 0 742 0 0 0 785 0 0 0 704 0 0 0 732 0 0 0 0
三级跳远
  0 0 米 2 30 15
  150
    787 788 789 790 791 792 793 794 795 796 797 798 799 800 801 802 803 804 805 806 807 808 809 810 811 812 813 814 815 816 817 818 819 820 821 822 823 824 751 825 826 827 828 829 830 831 832 833 834 835 836 837 838 839 840 841 842 843 844 845 846 847 848 849 850 851 852 853 854 855 856 857 365 858 859 860 861 862 863 864 865 866 867 868 869 870 871 872 873 874 875 876 877 878 879 880 881 882 883 884 885 886 887 888 889 890 891 892 893 894 895 896 897 898 899 900 901 902 903 904 905 906 907 908 909 910 911 912 913 914 915 916 917 918 919 920 921 922 923 924 925 926 927 928 929 930 931 932 933 934 
  1
  5
    30 826 0 0 0 810 0 0 0 922 0 0 0 820 0 0 0 835 0 0 0 903 0 0 0 885 0 0 0 816 0 0 0 814 0 0 0 821 0 0 0 914 0 0 0 834 0 0 0 888 0 0 0 833 0 0 0 923 0 0 0 792 0 0 0 907 0 0 0 926 0 0 0 872 0 0 0 850 0 0 0 798 0 0 0 828 0 0 0 819 0 0 0 916 0 0 0 812 0 0 0 883 0 0 0 891 0 0 0 817 0 0 0 855 0 0 0 823 0 0 0 0
    30 799 0 0 0 908 0 0 0 806 0 0 0 889 0 0 0 895 0 0 0 836 0 0 0 868 0 0 0 858 0 0 0 843 0 0 0 847 0 0 0 921 0 0 0 880 0 0 0 881 0 0 0 854 0 0 0 882 0 0 0 886 0 0 0 846 0 0 0 848 0 0 0 811 0 0 0 892 0 0 0 890 0 0 0 841 0 0 0 789 0 0 0 898 0 0 0 797 0 0 0 910 0 0 0 871 0 0 0 787 0 0 0 862 0 0 0 911 0 0 0 0
    30 915 0 0 0 788 0 0 0 896 0 0 0 857 0 0 0 803 0 0 0 879 0 0 0 905 0 0 0 856 0 0 0 912 0 0 0 920 0 0 0 899 0 0 0 919 0 0 0 887 0 0 0 897 0 0 0 845 0 0 0 931 0 0 0 864 0 0 0 934 0 0 0 838 0 0 0 851 0 0 0 844 0 0 0 795 0 0 0 863 0 0 0 790 0 0 0 906 0 0 0 869 0 0 0 884 0 0 0 918 0 0 0 861 0 0 0 877 0 0 0 0
    30 902 0 0 0 839 0 0 0 917 0 0 0 867 0 0 0 865 0 0 0 852 0 0 0 875 0 0 0 794 0 0 0 866 0 0 0 853 0 0 0 900 0 0 0 901 0 0 0 793 0 0 0 837 0 0 0 859 0 0 0 840 0 0 0 809 0 0 0 830 0 0 0 873 0 0 0 932 0 0 0 928 0 0 0 909 0 0 0 924 0 0 0 842 0 0 0 878 0 0 0 827 0 0 0 805 0 0 0 818 0 0 0 933 0 0 0 824 0 0 0 0
    30 825 0 0 0 801 0 0 0 796 0 0 0 876 0 0 0 815 0 0 0 808 0 0 0 930 0 0 0 874 0 0 0 904 0 0 0 804 0 0 0 925 0 0 0 860 0 0 0 894 0 0 0 802 0 0 0 870 0 0 0 849 0 0 0 813 0 0 0 832 0 0 0 927 0 0 0 829 0 0 0 800 0 0 0 751 0 0 0 791 0 0 0 807 0 0 0 831 0 0 0 929 0 0 0 365 0 0 0 893 0 0 0 913 0 0 0 822 0 0 0 0
3000米
  1 1 米 2 32 16
  150
    935 936 937 938 939 940 941 942 943 944 945 946 947 948 949 950 951 952 953 954 955 956 957 958 959 960 961 962 963 964 965 59 966 967 968 969 970 971 972 973 974 975 976 977 978 979 980 981 982 983 984 985 986 987 224 988 989 990 991 992 993 994 995 996 997 998 999 1000 1001 1002 1003 1004 1005 1006 1007 1008 811 1009 1010 1011 1012 1013 1014 1015 1016 1017 1018 1019 1020 1021 1022 1023 1024 1025 1026 1027 1028 1029 1030 1031 1032 1033 1034 1035 1036 1037 1038 1039 1040 1041 1042 1043 1044 1045 1046 1047 1048 1049 1050 1051 1052 1053 1054 1055 1056 1057 1058 1059 1060 1061 1062 1063 1064 1065 1066 1067 1068 1069 1070 1071 1072 1073 742 1074 1075 1076 1077 1078 1079 1080 
  1
  5
    32 973 0 0 0 1005 0 0 0 59 0 0 0 1019 0 0 0 971 0 0 0 224 0 0 0 967 0 0 0 961 0 0 0 975 0 0 0 1047 0 0 0 1070 0 0 0 964 0 0 0 997 0 0 0 980 0 0 0 1015 0 0 0 1058 0 0 0 937 0 0 0 1021 0 0 0 984 0 0 0 1061 0 0 0 1001 0 0 0 1025 0 0 0 1036 0 0 0 981 0 0 0 1007 0 0 0 960 0 0 0 1078 0 0 0 938 0 0 0 996 0 0 0 939 0 0 0 990 0 0 0 949 0 0 0 0
    32 1065 0 0 0 995 0 0 0 1033 0 0 0 1073 0 0 0 992 0 0 0 952 0 0 0 1010 0 0 0 941 0 0 0 1032 0 0 0 1069 0 0 0 1068 0 0 0 1052 0 0 0 1004 0 0 0 978 0 0 0 1077 0 0 0 974 0 0 0 946 0 0 0 987 0 0 0 953 0 0 0 1044 0 0 0 988 0 0 0 1028 0 0 0 944 0 0 0 957 0 0 0 970 0 0 0 962 0 0 0 1064 0 0 0 1066 0 0 0 956 0 0 0 969 0 0 0 943 0 0 0 1040 0 0 0 0
    32 958 0 0 0 1037 0 0 0 1048 0 0 0 1075 0 0 0 968 0 0 0 1074 0 0 0 1054 0 0 0 989 0 0 0 963 0 0 0 985 0 0 0 1014 0 0 0 1018 0 0 0 940 0 0 0 1072 0 0 0 1067 0 0 0 1049 0 0 0 1000 0 0 0 1056 0 0 0 1006 0 0 0 966 0 0 0 972 0 0 0 947 0 0 0 1055 0 0 0 1023 0 0 0 1060 0 0 0 994 0 0 0 951 0 0 0 942 0 0 0 945 0 0 0 986 0 0 0 1002 0 0 0 1041 0 0 0 0
    32 1012 0 0 0 1024 0 0 0 998 0 0 0 1020 0 0 0 1050 0 0 0 1013 0 0 0 1031 0 0 0 950 0 0 0 1022 0 0 0 1035 0 0 0 1079 0 0 0 1051 0 0 0 954 0 0 0 1003 0 0 0 991 0 0 0 1017 0 0 0 1009 0 0 0 1076 0 0 0 955 0 0 0 1045 0 0 0 1030 0 0 0 1071 0 0 0 1063 0 0 0 1046 0 0 0 936 0 0 0 999 0 0 0 1027 0 0 0 1042 0 0 0 1059 0 0 0 979 0 0 0 1026 0 0 0 1029 0 0 0 0
    22 982 0 0 0 1062 0 0 0 976 0 0 0 948 0 0 0 935 0 0 0 1053 0 0 0 811 0 0 0 977 0 0 0 1034 0 0 0 742 0 0 0 1057 0 0 0 983 0 0 0 959 0 0 0 1039 0 0 0 1080 0 0 0 993 0 0 0 1011 0 0 0 1008 0 0 0 1038 0 0 0 1016 0 0 0 965 0 0 0 1043 0 0 0 0
立定跳远
  0 0 米 2 30 15
  150
    1081 1082 1083 1084 1085 1086 1087 289 1088 1089 1090 1091 969 1092 1093 1094 1095 1096 1097 1098 1099 1100 1101 1102 1103 1104 1105 1106 1107 1108 1109 1110 1111 1112 1113 1114 718 1115 1116 1117 1118 1119 1120 1121 1122 1123 1124 1125 1126 1127 1128 1129 1130 1131 1132 1133 1134 1135 1136 1137 1138 1139 1140 1141 1142 204 1143 1144 1145 1146 1147 1148 1149 1150 1151 1152 1153 1154 1155 1156 1157 1158 1159 1160 1161 1162 1163 1164 1165 1166 1167 1168 1169 1170 1171 1172 1173 1174 1175 1176 1177 1178 1179 1180 1181 1182 1183 1184 1185 1186 1187 1188 1189 1190 1191 1192 1193 1194 1195 1196 1197 1198 1199 1200 1201 1202 1203 1204 1205 1206 1207 1208 729 1209 1210 1211 1212 1213 1214 810 1215 1216 1217 1218 1219 1220 1221 1222 1223 1224 
  1
  5
    30 1146 0 0 0 1202 0 0 0 1196 0 0 0 1159 0 0 0 1212 0 0 0 1110 0 0 0 1140 0 0 0 1113 0 0 0 1124 0 0 0 1190 0 0 0 1098 0 0 0 1101 0 0 0 1138 0 0 0 1129 0 0 0 1194 0 0 0 1176 0 0 0 1119 0 0 0 1221 0 0 0 1130 0 0 0 1160 0 0 0 1143 0 0 0 1178 0 0 0 1133 0 0 0 1168 0 0 0 1109 0 0 0 729 0 0 0 1193 0 0 0 1154 0 0 0 1206 0 0 0 1164 0 0 0 0
    30 204 0 0 0 1122 0 0 0 1099 0 0 0 1157 0 0 0 1172 0 0 0 1111 0 0 0 1096 0 0 0 1175 0 0 0 1189 0 0 0 1108 0 0 0 1197 0 0 0 1121 0 0 0 969 0 0 0 1170 0 0 0 1218 0 0 0 1184 0 0 0 1179 0 0 0 1135 0 0 0 1142 0 0 0 1207 0 0 0 1187 0 0 0 1191 0 0 0 1126 0 0 0 1200 0 0 0 1081 0 0 0 1131 0 0 0 1186 0 0 0 1095 0 0 0 1082 0 0 0 1152 0 0 0 0
    30 1115 0 0 0 1185 0 0 0 1181 0 0 0 1171 0 0 0 1199 0 0 0 1161 0 0 0 1085 0 0 0 1145 0 0 0 1217 0 0 0 1148 0 0 0 1102 0 0 0 1222 0 0 0 810 0 0 0 1201 0 0 0 1116 0 0 0 1208 0 0 0 1224 0 0 0 1136 0 0 0 1165 0 0 0 1151 0 0 0 1086 0 0 0 1132 0 0 0 1088 0 0 0 1137 0 0 0 1083 0 0 0 1091 0 0 0 1192 0 0 0 1107 0 0 0 1214 0 0 0 1127 0 0 0 0
    30 1100 0 0 0 1166 0 0 0 1155 0 0 0 1149 0 0 0 1203 0 0 0 1106 0 0 0 1105 0 0 0 1084 0 0 0 1114 0 0 0 1174 0 0 0 1094 0 0 0 1158 0 0 0 289 0 0 0 1180 0 0 0 1147 0 0 0 1090 0 0 0 1156 0 0 0 718 0 0 0 1188 0 0 0 1089 0 0 0 1141 0 0 0 1118 0 0 0 1209 0 0 0 1093 0 0 0 1150 0 0 0 1144 0 0 0 1128 0 0 0 1204 0 0 0 1219 0 0 0 1162 0 0 0 0
    30 1167 0 0 0 1169 0 0 0 1117 0 0 0 1195 0 0 0 1112 0 0 0 1215 0 0 0 1173 0 0 0 1153 0 0 0 1223 0 0 0 1205 0 0 0 1182 0 0 0 1120 0 0 0 1198 0 0 0 1104 0 0 0 1092 0 0 0 1211 0 0 0 1139 0 0 0 1163 0 0 0 1123 0 0 0 1103 0 0 0 1125 0 0 0 1087 0 0 0 1213 0 0 0 1097 0 0 0 1134 0 0 0 1210 0 0 0 1216 0 0 0 1177 0 0 0 1183 0 0 0 1220 0 0 0 0
标枪
  0 0 米 2 30 15
  150
    1225 1226 1227 1228 1229 1230 1231 1232 1233 1234 1235 1236 1237 1238 1239 1240 1241 1242 1243 1244 1245 1246 1247 1248 933 1249 1250 1251 1252 1253 1254 95 1255 328 1256 1257 1258 1259 1260 1261 1262 1069 1263 1264 1265 1266 1267 1268 1269 1270 1271 1272 1273 1274 1275 1276 1277 1278 1279 1280 1281 1282 1283 1284 1285 1286 1287 479 1288 155 1289 1290 1291 1292 1293 1294 1295 1296 1297 1298 1299 588 1300 1301 1302 1303 1304 1305 1306 1307 1308 1309 1310 1311 1312 1313 1314 1315 1316 1317 1318 1319 1320 1321 1322 1323 1324 1325 1326 1327 1328 1329 1330 1331 1332 1333 1334 1335 1336 1337 710 1338 1339 1340 1341 1342 563 1343 1344 1345 1346 1347 1348 1349 1350 1351 1352 260 1353 1354 1355 1356 1357 1358 1359 1360 1361 1362 1363 1364 
  1
  5
    30 1296 0 0 0 1258 0 0 0 1225 0 0 0 1289 0 0 0 1248 0 0 0 1243 0 0 0 1244 0 0 0 1286 0 0 0 1241 0 0 0 1319 0 0 0 1284 0 0 0 1242 0 0 0 1343 0 0 0 1287 0 0 0 1346 0 0 0 328 0 0 0 1298 0 0 0 1349 0 0 0 1291 0 0 0 1315 0 0 0 1232 0 0 0 1364 0 0 0 1228 0 0 0 1236 0 0 0 1339 0 0 0 1230 0 0 0 1279 0 0 0 1307 0 0 0 1288 0 0 0 1335 0 0 0 0
    30 1342 0 0 0 1297 0 0 0 1331 0 0 0 1235 0 0 0 1320 0 0 0 1310 0 0 0 1261 0 0 0 1268 0 0 0 1263 0 0 0 1351 0 0 0 1259 0 0 0 1226 0 0 0 1274 0 0 0 1271 0 0 0 1267 0 0 0 1303 0 0 0 1252 0 0 0 95 0 0 0 1329 0 0 0 1302 0 0 0 1334 0 0 0 588 0 0 0 1249 0 0 0 1323 0 0 0 1269 0 0 0 1305 0 0 0 1227 0 0 0 1273 0 0 0 1332 0 0 0 260 0 0 0 0
    30 1321 0 0 0 1309 0 0 0 1340 0 0 0 1253 0 0 0 1276 0 0 0 1308 0 0 0 1314 0 0 0 1257 0 0 0 1264 0 0 0 1231 0 0 0 1327 0 0 0 1348 0 0 0 1246 0 0 0 1300 0 0 0 1233 0 0 0 1245 0 0 0 1290 0 0 0 1353 0 0 0 1313 0 0 0 1336 0 0 0 1333 0 0 0 1281 0 0 0 1237 0 0 0 1354 0 0 0 1316 0 0 0 1283 0 0 0 1358 0 0 0 1265 0 0 0 1318 0 0 0 1357 0 0 0 0
    30 1254 0 0 0 1260 0 0 0 1350 0 0 0 1285 0 0 0 1361 0 0 0 1256 0 0 0 563 0 0 0 1292 0 0 0 1341 0 0 0 1344 0 0 0 479 0 0 0 1272 0 0 0 1299 0 0 0 1306 0 0 0 1311 0 0 0 1238 0 0 0 1234 0 0 0 1262 0 0 0 1360 0 0 0 1312 0 0 0 1250 0 0 0 1328 0 0 0 1247 0 0 0 1363 0 0 0 710 0 0 0 1266 0 0 0 1270 0 0 0 1280 0 0 0 1337 0 0 0 1282 0 0 0 0
    30 1294 0 0 0 1362 0 0 0 1255 0 0 0 1325 0 0 0 1251 0 0 0 1322 0 0 0 1330 0 0 0 1355 0 0 0 1240 0 0 0 1069 0 0 0 1338 0 0 0 1277 0 0 0 1275 0 0 0 155 0 0 0 1345 0 0 0 1304 0 0 0 1239 0 0 0 1324 0 0 0 1352 0 0 0 1347 0 0 0 1229 0 0 0 1295 0 0 0 1356 0 0 0 1278 0 0 0 1293 0 0 0 1301 0 0 0 1359 0 0 0 1326 0 0 0 1317 0 0 0 933 0 0 0 0
