1
9
跳高
  0 0 米 2 30 15
  150
    45 46 47 48 49 50 51 52 53 54 55 56 57 58 59 60 61 62 63 64 65 66 67 68 69 70 71 72 73 74 75 76 77 78 79 80 81 82 83 84 85 86 87 88 89 90 91 92 93 94 95 96 97 98 99 100 101 102 103 104 105 106 107 108 109 110 111 112 113 114 115 116 117 118 119 120 121 122 123 124 125 126 127 128 129 130 131 132 133 134 135 136 137 138 139 140 141 142 143 144 145 146 147 148 149 150 151 152 153 154 155 156 157 158 159 160 161 162 163 164 165 166 167 168 169 170 171 172 173 174 175 176 177 178 179 180 181 182 183 184 185 186 187 188 189 190 191 192 193 194 
  2
  5
    30 170 234 0 1 104 235 0 1 90 239 0 1 144 412 0 1 49 410 0 1 141 405 0 1 182 411 0 1 91 980 0 1 108 320 0 1 127 234 0 1 156 256 0 1 186 232 0 1 70 0 0 0 160 236 0 1 63 264 0 1 132 223 0 1 143 286 0 1 67 264 0 1 77 264 0 1 189 235 0 1 165 212 0 1 87 285 0 1 161 236 0 1 157 246 0 1 81 223 0 1 84 265 0 1 80 264 0 1 194 227 0 1 53 295 0 1 129 257 0 1 0
    30 177 245 0 1 133 237 0 1 149 278 0 1 193 253 0 1 64 257 0 1 124 223 0 1 119 275 0 1 167 274 0 1 152 264 0 1 136 246 0 1 118 274 0 1 172 242 0 1 173 242 0 1 115 0 0 0 126 221 0 1 98 264 0 1 46 243 0 1 76 247 0 1 145 258 0 1 99 287 0 1 105 275 0 1 111 209 0 1 179 240 0 1 123 270 0 1 180 224 0 1 125 285 0 1 82 233 0 1 139 220 0 1 93 276 0 1 69 264 0 1 0
    30 181 225 0 1 187 278 0 1 50 264 0 1 83 275 0 1 55 286 0 1 183 223 0 1 100 254 0 1 57 265 0 1 175 234 0 1 74 237 0 1 137 252 0 1 102 212 0 1 48 223 0 1 103 0 0 0 138 0 0 0 135 253 0 1 130 223 0 1 101 260 0 1 171 240 0 1 51 210 0 1 153 275 0 1 188 234 0 1 154 285 0 1 151 257 0 1 61 263 0 1 75 223 0 1 155 275 0 1 59 274 0 1 54 297 0 1 166 274 0 1 0
    30 95 285 0 1 162 226 0 1 140 286 0 1 176 252 0 1 79 235 0 1 114 252 0 1 192 212 0 1 73 264 0 1 68 278 0 1 164 253 0 1 45 223 0 1 146 212 0 1 134 275 0 1 168 285 0 1 89 297 0 1 122 265 0 1 97 223 0 1 47 265 0 1 94 286 0 1 148 221 0 1 60 268 0 1 56 264 0 1 128 223 0 1 159 275 0 1 62 212 0 1 58 286 0 1 117 286 0 1 174 246 0 1 113 223 0 1 178 246 0 1 0
    30 96 285 0 1 121 296 0 1 65 212 0 1 106 235 0 1 52 278 0 1 191 254 0 1 71 243 0 1 107 212 0 1 72 256 0 1 66 263 0 1 110 224 0 1 120 242 0 1 184 263 0 1 92 275 0 1 131 0 0 0 78 272 0 1 158 223 0 1 142 214 0 1 112 264 0 1 150 275 0 1 116 297 0 1 169 275 0 1 190 354 0 1 147 397 0 1 109 334 0 1 88 323 0 1 85 140 0 1 163 0 0 0 185 0 0 0 86 0 0 0 0
    15 91 450 0 1 144 421 0 1 182 466 0 1 49 354 0 1 141 352 0 1 147 980 0 1 190 530 0 1 109 464 0 1 88 423 0 1 108 416 0 1 89 496 0 1 54 445 0 1 116 406 0 1 121 436 0 1 53 475 0 1 0
100米
  1 1 米 2 8 8
  150
    195 196 197 198 199 200 201 202 203 204 205 206 207 208 209 210 211 212 213 214 215 216 217 218 219 220 221 222 223 224 225 226 227 228 229 230 231 232 233 234 235 236 237 238 239 240 241 242 243 244 245 246 247 248 249 250 251 252 253 254 255 256 257 258 259 260 261 262 263 264 265 266 267 268 269 270 271 272 273 274 275 276 277 278 279 280 281 282 283 284 285 286 287 288 289 290 291 292 293 294 295 296 297 298 299 300 301 302 303 304 305 306 307 308 309 310 311 312 313 314 315 316 317 318 319 320 321 322 323 324 325 326 327 328 329 330 331 332 333 334 335 336 337 338 339 340 341 342 343 344 
  2
  19
    8 260 1391 0 1 341 1221 0 1 241 1277 0 1 230 1504 0 1 239 924 0 1 211 1451 0 1 242 1306 0 1 265 1088 0 1 0
    8 292 946 0 1 305 1208 0 1 291 1026 0 1 244 1067 0 1 217 1480 0 1 261 1238 0 1 301 1311 0 1 273 952 0 1 0
    8 284 1200 0 1 294 1125 0 1 214 1203 0 1 314 1397 0 1 334 1211 0 1 210 1128 0 1 278 1328 0 1 322 1226 0 1 0
    8 207 1274 0 1 249 1136 0 1 229 881 0 1 199 1341 0 1 268 943 0 1 236 1285 0 1 316 1443 0 1 277 1199 0 1 0
    8 274 1367 0 1 235 1203 0 1 203 1126 0 1 234 1392 0 1 311 1239 0 1 276 1111 0 1 336 1503 0 1 304 1290 0 1 0
    8 312 993 0 1 343 1122 0 1 222 963 0 1 250 1364 0 1 206 1501 0 1 315 1278 0 1 228 895 0 1 318 1093 0 1 0
    8 232 914 0 1 197 1296 0 1 252 963 0 1 295 1432 0 1 240 1443 0 1 327 1268 0 1 279 1350 0 1 275 1437 0 1 0
    8 212 887 0 1 282 960 0 1 267 1341 0 1 326 1281 0 1 226 1020 0 1 286 920 0 1 337 988 0 1 306 1286 0 1 0
    8 247 1100 0 1 280 1086 0 1 313 1118 0 1 323 1310 0 1 271 1403 0 1 223 1406 0 1 253 1222 0 1 308 1277 0 1 0
    8 243 1400 0 1 272 1467 0 1 344 972 0 1 285 1290 0 1 227 1141 0 1 259 1043 0 1 202 966 0 1 238 1437 0 1 0
    8 333 920 0 1 307 1157 0 1 296 1253 0 1 329 1075 0 1 298 1236 0 1 297 1025 0 1 266 1081 0 1 338 950 0 1 0
    8 340 1407 0 1 209 965 0 1 195 1063 0 1 269 1393 0 1 224 1464 0 1 309 1394 0 1 302 1364 0 1 251 1280 0 1 0
    8 283 1114 0 1 331 1438 0 1 287 1027 0 1 204 1443 0 1 215 1027 0 1 262 1041 0 1 220 1232 0 1 257 1522 0 1 0
    8 201 912 0 1 300 930 0 1 208 1221 0 1 332 1157 0 1 264 939 0 1 342 1047 0 1 339 1461 0 1 290 1030 0 1 0
    8 254 973 0 1 328 959 0 1 303 1488 0 1 281 930 0 1 205 908 0 1 248 915 0 1 288 1097 0 1 196 1476 0 1 0
    8 237 1138 0 1 221 1161 0 1 270 1497 0 1 263 1426 0 1 324 1227 0 1 330 1429 0 1 293 1332 0 1 225 1138 0 1 0
    8 200 1047 0 1 216 880 0 1 310 1221 0 1 233 1503 0 1 246 1138 0 1 320 1035 0 1 198 1261 0 1 255 1044 0 1 0
    8 319 1325 0 1 219 1496 0 1 335 1162 0 1 245 1460 0 1 299 882 0 1 213 1494 0 1 325 1271 0 1 231 1392 0 1 0
    6 218 1255 0 1 256 970 0 1 289 1023 0 1 321 1128 0 1 258 880 0 1 317 0 0 0 0
    8 216 987 0 1 258 923 0 1 229 898 0 1 299 998 0 1 212 1045 0 1 228 1100 0 1 205 978 0 1 201 986 0 1 0
400米
  1 1 米 2 8 8
  149
    345 346 347 348 349 350 351 352 353 354 355 356 357 358 359 360 361 362 363 364 365 366 367 368 369 370 371 372 373 374 375 376 377 378 379 380 381 382 383 384 385 386 387 388 389 390 391 392 393 394 395 396 397 398 399 400 401 402 403 404 405 406 407 408 409 410 411 412 413 414 415 416 417 418 419 420 421 422 423 424 425 426 427 428 429 430 431 432 433 434 435 436 437 438 439 440 441 442 443 444 445 446 447 448 449 450 451 452 453 454 455 456 457 458 459 460 461 462 463 464 465 466 467 468 469 470 471 472 473 474 475 476 477 478 479 480 481 482 483 484 485 486 487 488 489 490 491 492 493 
  2
  19
    8 457 6038 0 1 427 5587 0 1 358 4614 0 1 437 6096 0 1 458 6300 0 1 367 5142 0 1 436 5413 0 1 478 6433 0 1 0
    8 377 4172 0 1 392 6707 0 1 349 5601 0 1 472 4232 0 1 486 5493 0 1 476 4609 0 1 432 6310 0 1 471 5743 0 1 0
    8 414 5824 0 1 491 4619 0 1 403 6308 0 1 430 4423 0 1 373 4388 0 1 375 6048 0 1 456 4923 0 1 368 6567 0 1 0
    8 412 4850 0 1 460 4982 0 1 396 4468 0 1 435 6022 0 1 381 6288 0 1 385 5956 0 1 493 5673 0 1 490 6059 0 1 0
    8 434 4762 0 1 365 4479 0 1 348 4104 0 1 488 4260 0 1 473 6213 0 1 470 6335 0 1 423 4652 0 1 474 4403 0 1 0
    8 475 5550 0 1 415 4137 0 1 402 4398 0 1 431 5291 0 1 411 6072 0 1 425 5899 0 1 429 5525 0 1 397 4294 0 1 0
    8 447 5245 0 1 372 4629 0 1 449 5925 0 1 354 4861 0 1 428 5245 0 1 389 4709 0 1 463 5615 0 1 452 5496 0 1 0
    8 378 5748 0 1 439 4520 0 1 356 5422 0 1 424 6624 0 1 483 5924 0 1 357 6524 0 1 433 4598 0 1 386 4981 0 1 0
    8 453 4568 0 1 410 6709 0 1 487 5299 0 1 390 6716 0 1 450 4356 0 1 363 5739 0 1 383 4347 0 1 489 5247 0 1 0
    8 366 6542 0 1 464 4227 0 1 406 6445 0 1 485 4860 0 1 451 4696 0 1 371 6116 0 1 350 5177 0 1 369 4629 0 1 0
    8 345 5746 0 1 492 5684 0 1 409 5284 0 1 445 5322 0 1 459 5667 0 1 405 5764 0 1 382 6341 0 1 379 6273 0 1 0
    8 362 5738 0 1 346 5990 0 1 376 5583 0 1 479 5083 0 1 384 4583 0 1 353 6034 0 1 351 5555 0 1 391 6473 0 1 0
    8 420 4737 0 1 467 4595 0 1 468 5685 0 1 401 5931 0 1 416 5632 0 1 380 5021 0 1 480 5396 0 1 441 4311 0 1 0
    8 481 6042 0 1 364 5704 0 1 393 5726 0 1 400 5912 0 1 407 6209 0 1 462 4491 0 1 359 5610 0 1 408 6375 0 1 0
    8 360 6490 0 1 418 5711 0 1 404 6008 0 1 443 4213 0 1 484 5850 0 1 461 6660 0 1 482 4926 0 1 370 5592 0 1 0
    8 438 4902 0 1 387 4556 0 1 444 4385 0 1 352 6378 0 1 413 6331 0 1 442 6051 0 1 399 4506 0 1 374 4957 0 1 0
    8 448 4308 0 1 394 4301 0 1 395 5780 0 1 469 6250 0 1 398 5529 0 1 440 5275 0 1 419 5172 0 1 426 4883 0 1 0
    8 417 5320 0 1 465 5414 0 1 466 4500 0 1 477 4947 0 1 454 6035 0 1 422 4923 0 1 347 6267 0 1 388 6614 0 1 0
    5 455 6389 0 1 421 6001 0 1 361 4887 0 1 446 6575 0 1 355 0 0 0 0
    8 348 4300 0 1 415 4470 0 1 377 4454 0 1 443 4856 0 1 464 4670 0 1 472 4745 0 1 488 4578 0 1 397 4554 0 1 0
铅球
  0 0 米 2 15 15
  150
    494 495 496 497 498 499 500 501 502 503 504 505 506 507 508 509 510 511 512 513 514 515 516 517 518 519 520 521 522 523 524 525 526 527 528 529 457 530 531 532 533 534 535 536 537 538 539 540 541 542 543 544 545 546 547 548 549 550 551 95 552 553 554 555 556 557 558 559 560 561 562 563 564 565 566 567 568 569 570 571 572 573 574 575 576 577 578 579 580 581 582 583 584 585 586 587 588 589 590 591 592 593 594 595 596 597 598 599 600 601 602 603 604 605 606 607 608 609 610 611 612 613 614 615 616 617 618 619 620 621 622 623 624 625 626 627 628 629 630 631 632 633 634 635 636 637 638 639 640 641 
  2
  10
    15 504 601 0 1 506 1051 0 1 570 755 0 1 556 1247 0 1 496 1068 0 1 554 984 0 1 591 880 0 1 572 1317 0 1 513 1258 0 1 623 1197 0 1 576 739 0 1 577 1287 0 1 625 1168 0 1 540 1011 0 1 636 843 0 1 0
    15 521 612 0 1 630 673 0 1 594 892 0 1 633 718 0 1 514 733 0 1 634 1391 0 1 525 957 0 1 641 695 0 1 551 604 0 1 559 607 0 1 562 902 0 1 565 1025 0 1 511 1057 0 1 557 1081 0 1 542 1086 0 1 0
    15 613 733 0 1 563 1130 0 1 626 961 0 1 544 882 0 1 564 646 0 1 619 1086 0 1 498 1227 0 1 509 1242 0 1 503 1016 0 1 629 842 0 1 618 1301 0 1 527 1181 0 1 529 1365 0 1 589 1341 0 1 637 1031 0 1 0
    15 609 714 0 1 638 970 0 1 567 788 0 1 549 1290 0 1 631 768 0 1 528 1224 0 1 555 1275 0 1 548 1397 0 1 500 1400 0 1 538 1089 0 1 494 914 0 1 621 813 0 1 566 838 0 1 499 1272 0 1 543 619 0 1 0
    15 530 901 0 1 581 674 0 1 599 1142 0 1 592 645 0 1 535 607 0 1 508 1335 0 1 553 821 0 1 537 818 0 1 600 1070 0 1 605 1153 0 1 593 1270 0 1 579 1181 0 1 590 988 0 1 550 764 0 1 627 1195 0 1 0
    15 585 975 0 1 597 966 0 1 575 1359 0 1 505 1196 0 1 611 687 0 1 526 1079 0 1 517 908 0 1 588 1188 0 1 607 1087 0 1 622 1058 0 1 539 889 0 1 457 721 0 1 541 780 0 1 552 940 0 1 569 1242 0 1 0
    15 534 1014 0 1 536 1392 0 1 580 1201 0 1 606 876 0 1 582 735 0 1 595 1126 0 1 603 994 0 1 620 651 0 1 616 1160 0 1 612 1004 0 1 615 718 0 1 495 1360 0 1 617 713 0 1 545 1324 0 1 512 1154 0 1 0
    15 510 842 0 1 547 941 0 1 502 656 0 1 614 1373 0 1 610 1147 0 1 571 723 0 1 583 1302 0 1 520 1257 0 1 602 1066 0 1 516 753 0 1 624 742 0 1 573 1254 0 1 635 980 0 1 522 724 0 1 561 1003 0 1 0
    15 632 1186 0 1 558 924 0 1 604 824 0 1 587 1055 0 1 568 1146 0 1 523 1205 0 1 532 1178 0 1 515 980 0 1 601 698 0 1 598 894 0 1 507 1268 0 1 497 628 0 1 640 1014 0 1 596 1130 0 1 628 941 0 1 0
    15 533 684 0 1 95 1359 0 1 584 1337 0 1 574 1040 0 1 639 877 0 1 519 977 0 1 524 900 0 1 560 1278 0 1 586 853 0 1 531 965 0 1 578 818 0 1 608 1386 0 1 546 838 0 1 501 1191 0 1 518 0 0 0 0
    15 500 1100 0 1 548 1140 0 1 536 1054 0 1 634 1063 0 1 608 1085 0 1 614 1000 0 1 529 1054 0 1 495 1370 0 1 575 1320 0 1 95 0 0 0 589 1375 0 1 584 1264 0 1 508 1284 0 1 545 1234 0 1 572 1190 0 1 0
1500米
  1 1 米 2 32 16
  150
    642 643 644 645 646 647 648 649 598 650 651 652 653 654 655 656 657 658 659 660 661 662 663 664 665 666 667 668 669 670 671 672 673 674 675 676 677 678 679 680 681 682 683 684 685 686 687 688 689 690 691 692 693 694 695 696 697 698 699 700 701 702 703 704 312 705 706 707 708 709 710 711 712 713 714 715 716 717 718 719 720 721 722 723 724 725 726 727 728 729 730 731 732 733 734 735 433 736 737 738 739 740 741 742 743 744 745 746 747 748 749 750 751 752 753 754 514 755 756 757 758 759 760 761 762 763 764 765 766 767 768 769 770 771 772 773 774 775 776 777 778 779 780 781 782 783 784 785 786 449 
  1
  5
    32 674 21024 0 1 670 31708 0 1 717 24673 0 1 769 36366 0 1 701 32115 0 1 728 30118 0 1 672 27656 0 1 748 38023 0 1 698 36634 0 1 720 35185 0 1 312 24308 0 1 772 37320 0 1 774 34500 0 1 743 30757 0 1 671 26776 0 1 775 21285 0 1 755 22737 0 1 449 27925 0 1 689 23799 0 1 667 24152 0 1 744 39782 0 1 707 29468 0 1 666 23263 0 1 716 21089 0 1 718 21169 0 1 692 28180 0 1 647 31102 0 1 648 31853 0 1 693 32434 0 1 514 32536 0 1 708 24158 0 1 783 33598 0 1 0
    32 712 29565 0 1 658 27690 0 1 763 22084 0 1 660 32546 0 1 661 35883 0 1 722 36250 0 1 784 30878 0 1 756 26737 0 1 700 37643 0 1 663 34807 0 1 702 39162 0 1 683 38589 0 1 710 31248 0 1 751 23704 0 1 656 29780 0 1 723 25471 0 1 757 37383 0 1 749 24982 0 1 706 35813 0 1 759 37029 0 1 747 39939 0 1 711 39994 0 1 659 32618 0 1 733 28456 0 1 786 26058 0 1 686 26648 0 1 651 36963 0 1 779 21451 0 1 699 28141 0 1 776 22760 0 1 745 33867 0 1 746 22068 0 1 0
    32 738 21167 0 1 654 38457 0 1 675 26242 0 1 685 26185 0 1 754 32170 0 1 688 34132 0 1 681 36915 0 1 773 34803 0 1 725 30214 0 1 771 24902 0 1 645 35131 0 1 781 29901 0 1 761 29701 0 1 719 39034 0 1 694 35144 0 1 750 23057 0 1 753 32382 0 1 665 28319 0 1 690 34965 0 1 669 32570 0 1 677 31876 0 1 691 27865 0 1 680 23880 0 1 766 25277 0 1 644 29078 0 1 709 36255 0 1 737 30825 0 1 741 39810 0 1 682 35279 0 1 433 27566 0 1 770 24211 0 1 664 33489 0 1 0
    32 714 30346 0 1 662 22207 0 1 735 34295 0 1 673 30591 0 1 649 23802 0 1 739 39042 0 1 687 23690 0 1 642 38197 0 1 676 34165 0 1 731 26758 0 1 729 29105 0 1 678 22337 0 1 768 39366 0 1 765 33981 0 1 762 23911 0 1 726 37668 0 1 724 36612 0 1 736 32059 0 1 652 24636 0 1 734 24380 0 1 679 36527 0 1 778 30030 0 1 740 23956 0 1 721 30575 0 1 760 34908 0 1 697 28706 0 1 767 26312 0 1 598 31806 0 1 727 33963 0 1 643 35361 0 1 657 34716 0 1 713 30031 0 1 0
    22 650 23337 0 1 777 27988 0 1 705 36859 0 1 703 21667 0 1 730 30823 0 1 696 33597 0 1 646 29098 0 1 764 22989 0 1 653 39037 0 1 684 38506 0 1 695 31441 0 1 655 27574 0 1 780 29963 0 1 758 28125 0 1 715 37093 0 1 752 27021 0 1 782 29666 0 1 668 26166 0 1 742 39676 0 1 785 26658 0 1 704 35045 0 1 732 0 0 0 0
三级跳远
  0 0 米 2 30 15
  150
    787 788 789 790 791 792 793 794 795 796 797 798 799 800 801 802 803 804 805 806 807 808 809 810 811 812 813 814 815 816 817 818 819 820 821 822 823 824 751 825 826 827 828 829 830 831 832 833 834 835 836 837 838 839 840 841 842 843 844 845 846 847 848 849 850 851 852 853 854 855 856 857 365 858 859 860 861 862 863 864 865 866 867 868 869 870 871 872 873 874 875 876 877 878 879 880 881 882 883 884 885 886 887 888 889 890 891 892 893 894 895 896 897 898 899 900 901 902 903 904 905 906 907 908 909 910 911 912 913 914 915 916 917 918 919 920 921 922 923 924 925 926 927 928 929 930 931 932 933 934 
  1
  5
    30 826 601 0 1 810 882 0 1 922 697 0 1 820 1004 0 1 835 893 0 1 903 840 0 1 885 775 0 1 816 1048 0 1 814 1011 0 1 821 973 0 1 914 687 0 1 834 1029 0 1 888 955 0 1 833 857 0 1 923 752 0 1 792 607 0 1 907 646 0 1 926 782 0 1 872 674 0 1 850 683 0 1 798 1094 0 1 828 823 0 1 819 660 0 1 916 602 0 1 812 604 0 1 883 789 0 1 891 866 0 1 817 886 0 1 855 901 0 1 823 904 0 1 0
    30 799 683 0 1 908 932 0 1 806 825 0 1 889 776 0 1 895 629 0 1 836 904 0 1 868 992 0 1 858 1001 0 1 843 860 0 1 847 751 0 1 921 1038 0 1 880 963 0 1 881 1078 0 1 854 1063 0 1 882 870 0 1 886 671 0 1 846 831 0 1 848 718 0 1 811 1031 0 1 892 705 0 1 890 990 0 1 841 1022 0 1 789 1098 0 1 898 1100 0 1 797 906 0 1 910 796 0 1 871 733 0 1 787 749 0 1 862 1020 0 1 911 612 0 1 0
    30 915 788 0 1 788 646 0 1 896 939 0 1 857 628 0 1 803 604 0 1 879 1059 0 1 905 738 0 1 856 736 0 1 912 894 0 1 920 946 0 1 899 1019 0 1 919 963 0 1 887 842 0 1 897 703 0 1 845 972 0 1 931 834 0 1 864 829 0 1 934 1075 0 1 838 972 0 1 851 654 0 1 844 900 0 1 795 793 0 1 863 968 0 1 790 904 0 1 906 886 0 1 869 781 0 1 884 676 0 1 918 713 0 1 861 813 0 1 877 1001 0 1 0
    30 902 859 0 1 839 1095 0 1 917 976 0 1 867 773 0 1 865 684 0 1 852 929 0 1 875 846 0 1 794 632 0 1 866 950 0 1 853 852 0 1 900 674 0 1 901 1075 0 1 793 671 0 1 837 1053 0 1 859 946 0 1 840 752 0 1 809 813 0 1 830 635 0 1 873 1083 0 1 932 942 0 1 928 677 0 1 909 1039 0 1 924 1011 0 1 842 891 0 1 878 696 0 1 827 689 0 1 805 1009 0 1 818 838 0 1 933 678 0 1 824 852 0 1 0
    30 825 966 0 1 801 803 0 1 796 740 0 1 876 884 0 1 815 941 0 1 808 978 0 1 930 961 0 1 874 838 0 1 904 662 0 1 804 784 0 1 925 1017 0 1 860 618 0 1 894 859 0 1 802 931 0 1 870 813 0 1 849 652 0 1 813 1075 0 1 832 1061 0 1 927 875 0 1 829 773 0 1 800 836 0 1 751 787 0 1 791 1023 0 1 807 758 0 1 831 828 0 1 929 736 0 1 365 1091 0 1 893 749 0 1 913 970 0 1 822 0 0 0 0
3000米
  1 1 米 2 32 16
  150
    935 936 937 938 939 940 941 942 943 944 945 946 947 948 949 950 951 952 953 954 955 956 957 958 959 960 961 962 963 964 965 59 966 967 968 969 970 971 972 973 974 975 976 977 978 979 980 981 982 983 984 985 986 987 224 988 989 990 991 992 993 994 995 996 997 998 999 1000 1001 1002 1003 1004 1005 1006 1007 1008 811 1009 1010 1011 1012 1013 1014 1015 1016 1017 1018 1019 1020 1021 1022 1023 1024 1025 1026 1027 1028 1029 1030 1031 1032 1033 1034 1035 1036 1037 1038 1039 1040 1041 1042 1043 1044 1045 1046 1047 1048 1049 1050 1051 1052 1053 1054 1055 1056 1057 1058 1059 1060 1061 1062 1063 1064 1065 1066 1067 1068 1069 1070 1071 1072 1073 742 1074 1075 1076 1077 1078 1079 1080 
  1
  5
    32 973 43069 0 1 1005 73997 0 1 59 53632 0 1 1019 87481 0 1 971 75176 0 1 224 69393 0 1 967 62266 0 1 961 92278 0 1 975 88256 0 1 1047 84063 0 1 1070 52576 0 1 964 90242 0 1 997 82078 0 1 980 71244 0 1 1015 59720 0 1 1058 43824 0 1 937 48027 0 1 1021 63045 0 1 984 51102 0 1 1061 52124 0 1 1001 97369 0 1 1025 67513 0 1 1036 49550 0 1 981 43257 0 1 1007 43490 0 1 960 63783 0 1 1078 72241 0 1 938 74415 0 1 996 76097 0 1 939 76394 0 1 990 52143 0 1 949 79467 0 1 0
    32 1065 67793 0 1 995 62367 0 1 1033 46137 0 1 1073 76423 0 1 992 86083 0 1 952 87143 0 1 1010 71594 0 1 941 59607 0 1 1032 91179 0 1 1069 82967 0 1 1068 95575 0 1 1052 93914 0 1 1004 72664 0 1 978 50829 0 1 1077 68414 0 1 974 55943 0 1 946 90423 0 1 987 54528 0 1 953 85881 0 1 1044 89401 0 1 988 97824 0 1 1028 97983 0 1 944 76632 0 1 957 64584 0 1 970 57642 0 1 962 59350 0 1 1064 89208 0 1 1066 44306 0 1 956 63673 0 1 969 48094 0 1 943 80246 0 1 1040 46092 0 1 0
    32 958 43483 0 1 1037 93533 0 1 1048 58174 0 1 1075 58009 0 1 968 75335 0 1 1074 81015 0 1 1054 89069 0 1 989 82957 0 1 963 69672 0 1 985 54295 0 1 1014 83905 0 1 1018 68765 0 1 940 68188 0 1 1072 95204 0 1 1067 83944 0 1 1049 48955 0 1 1000 75948 0 1 1056 64188 0 1 1006 83425 0 1 966 76493 0 1 972 74482 0 1 947 62874 0 1 1055 51336 0 1 1023 55381 0 1 1060 66383 0 1 994 87158 0 1 951 71441 0 1 942 97449 0 1 945 84335 0 1 986 62006 0 1 1002 52294 0 1 1041 79152 0 1 0
    32 1012 70054 0 1 1024 46495 0 1 998 81487 0 1 1020 70764 0 1 1050 51112 0 1 1013 95227 0 1 1031 50787 0 1 950 92781 0 1 1022 81109 0 1 1035 59668 0 1 1079 66461 0 1 1051 46871 0 1 954 96164 0 1 1003 80575 0 1 991 51428 0 1 1017 91249 0 1 1009 88192 0 1 1076 75013 0 1 955 53524 0 1 1045 52784 0 1 1030 87946 0 1 1071 69140 0 1 1063 51555 0 1 1046 70716 0 1 936 83261 0 1 999 65308 0 1 1027 58377 0 1 1042 74281 0 1 1059 80523 0 1 979 84572 0 1 1026 82705 0 1 1029 69141 0 1 0
    22 982 49766 0 1 1062 63229 0 1 976 88907 0 1 948 44930 0 1 935 71436 0 1 1053 79464 0 1 811 66442 0 1 977 48757 0 1 1034 95214 0 1 742 93676 0 1 1057 73225 0 1 983 62029 0 1 959 68945 0 1 1039 63624 0 1 1080 89584 0 1 993 60428 0 1 1011 68085 0 1 1008 57954 0 1 1038 97063 0 1 1016 59379 0 1 965 83655 0 1 1043 0 0 0 0
立定跳远
  0 0 米 2 30 15
  150
    1081 1082 1083 1084 1085 1086 1087 289 1088 1089 1090 1091 969 1092 1093 1094 1095 1096 1097 1098 1099 1100 1101 1102 1103 1104 1105 1106 1107 1108 1109 1110 1111 1112 1113 1114 718 1115 1116 1117 1118 1119 1120 1121 1122 1123 1124 1125 1126 1127 1128 1129 1130 1131 1132 1133 1134 1135 1136 1137 1138 1139 1140 1141 1142 204 1143 1144 1145 1146 1147 1148 1149 1150 1151 1152 1153 1154 1155 1156 1157 1158 1159 1160 1161 1162 1163 1164 1165 1166 1167 1168 1169 1170 1171 1172 1173 1174 1175 1176 1177 1178 1179 1180 1181 1182 1183 1184 1185 1186 1187 1188 1189 1190 1191 1192 1193 1194 1195 1196 1197 1198 1199 1200 1201 1202 1203 1204 1205 1206 1207 1208 729 1209 1210 1211 1212 1213 1214 810 1215 1216 1217 1218 1219 1220 1221 1222 1223 1224 
  1
  5
    30 1146 190 0 1 1202 275 0 1 1196 219 0 1 1159 311 0 1 1212 278 0 1 1110 262 0 1 1140 243 0 1 1113 324 0 1 1124 313 0 1 1190 302 0 1 1098 216 0 1 1101 319 0 1 1138 297 0 1 1129 267 0 1 1194 236 0 1 1176 192 0 1 1119 204 0 1 1221 245 0 1 1130 212 0 1 1160 215 0 1 1143 338 0 1 1178 257 0 1 1133 208 0 1 1168 191 0 1 1109 191 0 1 729 247 0 1 1193 270 0 1 1154 276 0 1 1206 280 0 1 1164 281 0 1 0
    30 204 215 0 1 1122 289 0 1 1099 258 0 1 1157 243 0 1 1172 199 0 1 1111 281 0 1 1096 307 0 1 1175 310 0 1 1189 268 0 1 1108 235 0 1 1197 321 0 1 1121 299 0 1 969 333 0 1 1170 329 0 1 1218 271 0 1 1184 211 0 1 1179 259 0 1 1135 225 0 1 1142 319 0 1 1207 221 0 1 1187 307 0 1 1191 317 0 1 1126 340 0 1 1200 340 0 1 1081 282 0 1 1131 249 0 1 1186 230 0 1 1095 235 0 1 1082 316 0 1 1152 194 0 1 0
    30 1115 246 0 1 1185 204 0 1 1181 292 0 1 1171 198 0 1 1199 191 0 1 1161 328 0 1 1085 231 0 1 1145 231 0 1 1217 278 0 1 1148 294 0 1 1102 316 0 1 1222 299 0 1 810 263 0 1 1201 221 0 1 1116 302 0 1 1208 260 0 1 1224 259 0 1 1136 332 0 1 1165 302 0 1 1151 206 0 1 1086 280 0 1 1132 248 0 1 1088 300 0 1 1137 281 0 1 1083 276 0 1 1091 244 0 1 1192 213 0 1 1107 224 0 1 1214 254 0 1 1127 310 0 1 0
    30 1100 268 0 1 1166 338 0 1 1155 303 0 1 1149 242 0 1 1203 215 0 1 1106 289 0 1 1105 264 0 1 1084 200 0 1 1114 295 0 1 1174 266 0 1 1094 212 0 1 1158 332 0 1 289 211 0 1 1180 326 0 1 1147 294 0 1 1090 235 0 1 1156 254 0 1 718 201 0 1 1188 335 0 1 1089 292 0 1 1141 213 0 1 1118 322 0 1 1209 313 0 1 1093 277 0 1 1150 219 0 1 1144 217 0 1 1128 313 0 1 1204 261 0 1 1219 213 0 1 1162 266 0 1 0
    30 1167 300 0 1 1169 251 0 1 1117 232 0 1 1195 275 0 1 1112 292 0 1 1215 303 0 1 1173 298 0 1 1153 261 0 1 1223 208 0 1 1205 245 0 1 1182 315 0 1 1120 195 0 1 1198 268 0 1 1104 289 0 1 1092 254 0 1 1211 206 0 1 1139 332 0 1 1163 328 0 1 1123 272 0 1 1103 242 0 1 1125 261 0 1 1087 246 0 1 1213 317 0 1 1097 238 0 1 1134 258 0 1 1210 231 0 1 1216 337 0 1 1177 235 0 1 1183 301 0 1 1220 0 0 0 0
标枪
  0 0 米 2 30 15
  150
    1225 1226 1227 1228 1229 1230 1231 1232 1233 1234 1235 1236 1237 1238 1239 1240 1241 1242 1243 1244 1245 1246 1247 1248 933 1249 1250 1251 1252 1253 1254 95 1255 328 1256 1257 1258 1259 1260 1261 1262 1069 1263 1264 1265 1266 1267 1268 1269 1270 1271 1272 1273 1274 1275 1276 1277 1278 1279 1280 1281 1282 1283 1284 1285 1286 1287 479 1288 155 1289 1290 1291 1292 1293 1294 1295 1296 1297 1298 1299 588 1300 1301 1302 1303 1304 1305 1306 1307 1308 1309 1310 1311 1312 1313 1314 1315 1316 1317 1318 1319 1320 1321 1322 1323 1324 1325 1326 1327 1328 1329 1330 1331 1332 1333 1334 1335 1336 1337 710 1338 1339 1340 1341 1342 563 1343 1344 1345 1346 1347 1348 1349 1350 1351 1352 260 1353 1354 1355 1356 1357 1358 1359 1360 1361 1362 1363 1364 
  1
  5
    30 1296 2403 0 1 1258 3584 0 1 1225 2806 0 1 1289 4098 0 1 1248 3629 0 1 1243 3408 0 1 1244 3136 0 1 1286 4282 0 1 1241 4128 0 1 1319 3968 0 1 1284 2766 0 1 1242 4204 0 1 1343 3892 0 1 1287 3478 0 1 1346 3038 0 1 328 2431 0 1 1298 2592 0 1 1349 3165 0 1 1291 2709 0 1 1315 2748 0 1 1232 4476 0 1 1364 3336 0 1 1228 2650 0 1 1236 2410 0 1 1339 2419 0 1 1230 3194 0 1 1279 3516 0 1 1307 3599 0 1 1288 3664 0 1 1335 3675 0 1 0
    30 1342 2749 0 1 1297 3792 0 1 1331 3347 0 1 1235 3139 0 1 1320 2520 0 1 1310 3676 0 1 1261 4045 0 1 1268 4085 0 1 1263 3492 0 1 1351 3034 0 1 1259 4240 0 1 1226 3926 0 1 1274 4407 0 1 1271 4344 0 1 1267 3533 0 1 1303 2699 0 1 1252 3370 0 1 95 2894 0 1 1329 4211 0 1 1302 2840 0 1 1334 4037 0 1 588 4172 0 1 1249 4493 0 1 1323 4499 0 1 1269 3684 0 1 1305 3224 0 1 1227 2959 0 1 1273 3024 0 1 1332 4164 0 1 260 2450 0 1 0
    30 1321 3189 0 1 1309 2595 0 1 1340 3822 0 1 1253 2518 0 1 1276 2418 0 1 1308 4329 0 1 1314 2979 0 1 1257 2973 0 1 1264 3635 0 1 1231 3851 0 1 1327 4159 0 1 1348 3926 0 1 1246 3418 0 1 1300 2831 0 1 1233 3962 0 1 1245 3384 0 1 1290 3362 0 1 1353 4393 0 1 1313 3963 0 1 1336 2627 0 1 1333 3658 0 1 1281 3209 0 1 1237 3944 0 1 1354 3679 0 1 1316 3602 0 1 1283 3159 0 1 1358 2718 0 1 1265 2873 0 1 1318 3293 0 1 1357 4086 0 1 0
    30 1254 3486 0 1 1260 4479 0 1 1350 3978 0 1 1285 3126 0 1 1361 2755 0 1 1256 3780 0 1 563 3433 0 1 1292 2533 0 1 1341 3869 0 1 1344 3460 0 1 479 2710 0 1 1272 4394 0 1 1299 2697 0 1 1306 4301 0 1 1311 3855 0 1 1238 3036 0 1 1234 3296 0 1 1262 2548 0 1 1360 4430 0 1 1312 3835 0 1 1250 2722 0 1 1328 4242 0 1 1247 4126 0 1 1363 3622 0 1 710 2802 0 1 1266 2774 0 1 1270 4116 0 1 1280 3398 0 1 1337 2727 0 1 1282 3458 0 1 0
    30 1294 3937 0 1 1362 3252 0 1 1255 2987 0 1 1325 3594 0 1 1251 3833 0 1 1322 3987 0 1 1330 3916 0 1 1355 3398 0 1 1240 2658 0 1 1069 3172 0 1 1338 4153 0 1 1277 2474 0 1 1275 3486 0 1 155 3792 0 1 1345 3295 0 1 1304 2620 0 1 1239 4394 0 1 1324 4335 0 1 1352 3554 0 1 1347 3127 0 1 1229 3391 0 1 1295 3187 0 1 1356 4179 0 1 1278 3065 0 1 1293 3358 0 1 1301 2971 0 1 1359 4464 0 1 1326 3025 0 1 1317 3952 0 1 933 0 0 0 0
