1581
20130041 0 0 1 2013 3 9 FFGoeRuB
20152467 1 1 1 2015 2 10 vJyCTdawRsL
20136334 2 1 1 2013 3 12 AzvDagDOlcku
20162500 3 1 1 2016 1 5 VQTjxgWN
20153169 4 1 1 2015 2 3 oOPriUcuAZMa
20147724 5 0 1 2014 4 13 bQRnPdejM
20143478 6 1 1 2014 3 6 GYoeAwBL
20165358 7 1 1 2016 1 5 xnmTYLrTq
20162962 8 0 1 2016 2 15 uPTuImWDDx
20160464 9 0 1 2016 1 9 McVGLgIpKfe
20135705 10 1 1 2013 4 0 TDIew
20164145 11 0 1 2016 1 11 ETvPDxafQ
20157281 12 0 1 2015 2 12 bWhPEXqmHF
20150827 13 0 1 2015 2 5 WMtYwGtSdp
20141961 14 1 1 2014 3 15 aNQYhJtxXSd
20130491 15 1 1 2013 4 13 oEzFx
20132995 16 0 1 2013 3 15 fEXenOL
20143942 17 1 1 2014 3 5 vJHdiHCDe
20134827 18 1 1 2013 4 10 gsndwOqXVJ
20135436 19 1 1 2013 4 0 JiyOrr
20130391 20 1 1 2013 4 3 lTvDoVaGxJv
20146604 21 1 1 2014 3 15 NjSDXGDWkxp
20133902 22 0 1 2013 4 8 DMAjHdbgywXd
20130153 23 1 1 2013 4 1 AtUAHHBuf
20130292 24 0 1 2013 4 14 uiELtNGoD
20144382 25 0 1 2014 1 2 VRYCZ
20151421 26 0 1 2015 2 2 ovzdWoBXOswI
20152716 27 1 1 2015 2 9 ccBjBagfSUGT
20153718 28 0 1 2015 3 7 XtNjTXHkcP
20153895 29 1 1 2015 2 13 WyiqIRvltBF
20135447 30 0 1 2013 4 7 WacfZwhU
20155726 31 1 1 2015 2 0 rfUErE
20146771 32 1 1 2014 3 13 auBpaslDwx
20143538 33 0 1 2014 3 3 jTLmWJn
20131869 34 1 1 2013 3 14 aUMnHPvHdUoH
20153912 35 0 1 2015 2 3 boZOIrZcgw
20161667 36 1 1 2016 1 0 PFcGogEeIatg
20162299 37 0 1 2016 1 9 LYGnNNSUqVd
20151035 38 1 1 2015 2 12 JllwM
20141894 39 1 1 2014 3 16 uGhIXpQm
20164703 40 0 1 2016 1 4 OtDcjWTLen
20157811 41 0 1 2015 2 9 VrXjly
20167322 42 0 1 2016 1 13 XPNornEEyzpe
20166333 43 0 1 2016 1 5 YwUru
20151673 44 0 1 2015 2 14 jdVpdbUf
20134664 45 0 1 2013 3 11 kiwuYh
20147141 46 0 1 2014 2 16 JBuKJR
20137711 47 1 1 2013 4 0 lfCXUEwxs
20164253 48 0 1 2016 1 16 ieLjWCJDkEcR
20136868 49 1 1 2013 4 8 gnDupiyuILtJ
20161547 50 0 1 2016 1 14 WsZkT
20163644 51 0 1 2016 1 14 gvJghhyKlSE
20130662 52 1 1 2013 4 15 mUdEyMXWX
20130757 53 0 1 2013 4 2 UoEghJIg
20154037 54 1 1 2015 2 12 KDkWjG
20144859 55 0 1 2014 3 4 mULspFGIBfCM
20140723 56 1 1 2014 3 11 QqkoRVRSRVW
20141741 57 0 1 2014 3 12 keyhweg
20163529 58 1 1 2016 1 7 NWXyrdyjFdG
20130778 59 0 1 2013 4 6 aWINFwEc
20144316 60 0 1 2014 3 9 seZJLWTRR
20133035 61 1 1 2013 4 2 cYljr
20156190 62 0 1 2015 2 6 UDebc
20131842 63 1 1 2013 4 13 peQmdiYIoCWV
20130288 64 0 1 2013 4 2 lNgvEuBkdy
20166106 65 0 1 2016 1 8 CNzJW
20141040 66 0 1 2014 3 1 ZZTeLEIMXezc
20140942 67 0 1 2014 3 14 goLhzevhWZt
20153264 68 1 1 2015 2 8 iuElHiowuAR
20156648 69 0 1 2015 2 14 CwMjmBD
20163446 70 1 1 2016 1 15 vgOtYPjXkxu
20157805 71 1 1 2015 2 15 DFUykriXDyAK
20147890 72 0 1 2014 3 7 pYsraodh
20136729 73 1 1 2013 4 8 jXYshEFD
20160370 74 1 1 2016 1 16 IJvqYdlcnP
20147350 75 0 1 2014 4 12 UShSXcE
20147006 76 0 1 2014 3 0 bUCyxtIU
20167101 77 1 1 2016 1 5 PKJuXZfKlT
20160393 78 1 1 2016 1 0 PKoyfcV
20133548 79 0 1 2013 4 10 uJfKckF
20153629 80 0 1 2015 2 4 XlmtMWafa
20144623 81 1 1 2014 3 4 cjLxIjEaMtf
20160084 82 1 1 2016 1 8 dPCQG
20153954 83 1 1 2015 1 15 ayJHvhDPCNKb
20152756 84 1 1 2015 2 14 PIQCreR
20143840 85 1 1 2014 3 12 jrshaLi
20134966 86 0 1 2013 4 4 AdXeqEqIOVnv
20137376 87 1 1 2013 4 8 kwIUBbmnLjem
20145931 88 0 1 2014 3 8 FlluARjwgms
20162308 89 0 1 2016 1 11 tTKHD
20150944 90 1 1 2015 1 14 NfpPQqbcqs
20130439 91 1 1 2013 4 8 vbutGB
20160626 92 1 1 2016 1 5 TcHxIrACU
20143323 93 0 1 2014 3 9 bvKQyIoQg
20135537 94 0 1 2013 4 3 KClaYU
20155538 95 1 1 2015 2 3 ilWXJFXTxron
20150118 96 0 1 2015 2 8 BNJiEYhmv
20132082 97 0 1 2013 4 16 PENYrWqef
20156929 98 0 1 2015 2 10 CcxoSZvPRwM
20150541 99 1 1 2015 4 13 KFVttOP
20134833 100 0 1 2013 4 15 tmVVnb
20167115 101 0 1 2016 4 9 gjYaHjR
20134639 102 0 1 2013 4 10 aqyrOeADG
20165658 103 0 1 2016 1 14 akrFqowcm
20156704 104 1 1 2015 2 13 CFqcHNwCKL
20141930 105 1 1 2014 3 11 RxiKcXyAO
20145977 106 0 1 2014 3 15 QKSTsJWyPsZs
20132306 107 1 1 2013 4 1 ENnYGcBbDhh
20167673 108 1 1 2016 1 8 wQBYszg
20156386 109 1 1 2015 2 5 xImiNCknx
20135021 110 0 1 2013 4 9 forGOzH
20164745 111 0 1 2016 1 7 vowdlqs
20162924 112 0 1 2016 1 1 xKZdLBhEixY
20153072 113 1 1 2015 2 5 mytKx
20136270 114 1 1 2013 4 8 Emcdmmrr
20135829 115 0 1 2013 4 14 fQvFjEg
20162777 116 0 1 2016 1 4 fqxPNgVvtGAz
20147573 117 0 1 2014 1 2 cOcHEQBZdRh
20135097 118 0 1 2013 4 3 siRpd
20150512 119 0 1 2015 1 11 eCjtQRnaSXyz
20157986 120 1 1 2015 2 2 ydznO
20145290 121 0 1 2014 3 3 XugzWVo
20141161 122 1 1 2014 3 16 rEYcR
20152636 123 0 1 2015 2 4 oKjKnljDdW
20156355 124 1 1 2015 2 10 zoPsDR
20160767 125 0 1 2016 1 9 QkqMmUqS
20157655 126 1 1 2015 2 4 XnaNvcqTxXxI
20147574 127 0 1 2014 3 3 UyhEPRz
20134031 128 0 1 2013 4 14 krVnVpS
20144052 129 0 1 2014 3 5 zfcqYRyqlyD
20163350 130 0 1 2016 1 11 tJvmM
20131150 131 0 1 2013 4 5 jcAZROBbi
20150941 132 0 1 2015 2 3 vvphctFQz
20155724 133 1 1 2015 2 1 rQUNKtMcB
20145966 134 1 1 2014 3 6 jpRrHetfiTW
20133430 135 0 1 2013 4 13 YWaEvkJPmEl
20167107 136 1 1 2016 1 12 UAssDCFoCv
20166191 137 1 1 2016 1 6 srSeaqC
20152007 138 1 1 2015 2 4 NLJpHy
20143337 139 0 1 2014 3 11 oZcmzKPmZK
20147457 140 1 1 2014 3 12 kObKl
20144287 141 1 1 2014 3 12 xiOZOuxhg
20163753 142 1 1 2016 1 11 dPwSvMpTgX
20142383 143 1 1 2014 3 8 TGWNmzft
20146945 144 1 1 2014 3 16 aiKmhepgmJu
20140909 145 0 1 2014 3 2 ABJwEdtb
20130209 146 0 1 2013 4 4 rTxCUgybjnG
20141758 147 0 1 2014 3 4 gkQAmx
20160221 148 1 1 2016 1 10 DviKLcP
20152588 149 0 1 2015 2 9 rLijXnJbw
20136422 150 0 1 2013 4 1 WCzcNxsQ
20160946 151 0 1 2016 1 9 VmSqmBfZmxvX
20163506 152 1 1 2016 1 13 hzOOW
20145030 153 1 1 2014 3 0 zLzkKkf
20150413 154 0 1 2015 2 6 aaxSoc
20165168 155 0 1 2016 1 14 hkVcTAa
20130900 156 1 1 2013 4 14 IMhGjGvQbI
20130591 157 0 1 2013 4 7 CTTTWRYMtui
20152762 158 1 1 2015 2 12 qKJOrigyp
20131655 159 0 1 2013 4 8 hoXpZyfoPKe
20151410 160 1 1 2015 2 15 oMYPvoh
20136359 161 1 1 2013 4 3 FiZivsr
20163624 162 1 1 2016 1 16 wBasVQWcKvn
20154537 163 0 1 2015 4 12 jdaRLdyYJ
20155548 164 1 1 2015 2 4 PPGvNhCF
20136483 165 0 1 2013 2 13 XyREni
20163595 166 0 1 2016 1 14 yvTZurNlLZmO
20134041 167 1 1 2013 4 5 qsTszEnVopzh
20133602 168 1 1 2013 4 5 XUKaToPs
20160350 169 1 1 2016 1 14 guIVGX
20142291 170 1 1 2014 3 16 ukiWzRVjvxq
20166836 171 0 1 2016 1 5 GCnRrrLcq
20141374 172 1 1 2014 3 2 JuhecQfPA
20143020 173 0 1 2014 3 6 tcLQjgp
20134596 174 1 1 2013 4 1 COeEuy
20160021 175 1 1 2016 1 13 SdgghrOodvED
20163348 176 1 1 2016 1 6 LzovSZeJNb
20157199 177 0 1 2015 2 15 vJNBSPxDfKM
20153668 178 1 1 2015 1 12 jYvLPDNcoh
20160484 179 0 1 2016 1 11 OrXlSlf
20140281 180 0 1 2014 3 5 YLtiwpw
20134734 181 1 1 2013 4 0 OQrrN
20130053 182 0 1 2013 4 2 EqTGt
20131999 183 1 1 2013 4 0 KyYQTDdrg
20162418 184 0 1 2016 1 0 TvOrLogCK
20163938 185 1 1 2016 1 5 pokYg
20136900 186 0 1 2013 4 3 DjNxIbqIuB
20133788 187 1 1 2013 2 3 cijWeiLrz
20152127 188 1 1 2015 2 5 ETetCv
20130467 189 0 1 2013 4 14 AOuJdtOjD
20133728 190 1 1 2013 4 8 GrYnvdkYfoD
20146893 191 1 1 2014 3 5 cgUnWOy
20160648 192 0 1 2016 1 6 sTtuYBOJoUs
20156483 193 1 1 2015 1 7 DPheh
20151807 194 1 1 2015 2 0 MyGiayK
20132421 195 0 1 2013 4 7 JpJnyRSB
20146310 196 0 1 2014 3 2 uZGlyM
20136617 197 0 1 2013 4 12 iTOARg
20156813 198 1 1 2015 4 4 SIcWCl
20141514 199 1 1 2014 3 5 NxbJFzS
20146309 200 1 1 2014 3 2 gqqptfn
20137616 201 0 1 2013 4 8 dZmXCE
20152935 202 1 1 2015 2 2 yhUYVV
20151451 203 1 1 2015 2 6 tqYUMXz
20154600 204 0 1 2015 2 1 oUZnxquXkNZV
20135249 205 1 1 2013 4 3 AYIyQqetVUDs
20150519 206 0 1 2015 2 5 OtTlb
20167556 207 1 1 2016 1 3 LCGJnpg
20156798 208 1 1 2015 2 6 lPBoY
20166303 209 1 1 2016 1 15 fGXciNbZ
20136224 210 0 1 2013 4 3 USnHd
20143008 211 0 1 2014 3 0 jEvYixaOzSS
20135844 212 1 1 2013 3 16 KOYlBbk
20130609 213 0 1 2013 4 11 tjxRVqSH
20146989 214 0 1 2014 3 12 PAeRAoArLS
20130702 215 1 1 2013 4 2 ROoSs
20133195 216 1 1 2013 4 9 yBdWupIo
20154485 217 1 1 2015 2 14 JAaAopb
20133093 218 1 1 2013 4 8 oZnVYaa
20146343 219 0 1 2014 4 13 LeEfU
20166523 220 1 1 2016 2 6 AfjhKHn
20131587 221 1 1 2013 4 7 bLELYxkcMmO
20165314 222 0 1 2016 1 10 xIciMJ
20141503 223 0 1 2014 3 3 yhKfZosNpZ
20137448 224 0 1 2013 4 7 nikNnpCg
20161200 225 0 1 2016 1 16 IvCQnVJB
20145458 226 0 1 2014 3 16 cvKCKDy
20136618 227 0 1 2013 4 0 COvGzijsB
20154580 228 1 1 2015 2 15 ZgHvHfouqHXJ
20153796 229 1 1 2015 2 12 jqALFetuOZHY
20146798 230 1 1 2014 2 3 ThCbYux
20147281 231 0 1 2014 3 6 LqrLZAquTyc
20153589 232 0 1 2015 1 1 akUCzBr
20154798 233 0 1 2015 2 6 rUwsXZCZ
20164009 234 0 1 2016 1 4 cJPgQoePM
20163157 235 0 1 2016 1 0 brXVQ
20154472 236 1 1 2015 2 8 qQxkNJrcl
20157622 237 1 1 2015 2 4 dsfGrvXccDj
20152538 238 1 1 2015 2 14 hXiBtuqDa
20144292 239 0 1 2014 3 12 OKoYZQkOXJR
20136038 240 1 1 2013 4 8 INwPHhuCFxhD
20160179 241 0 1 2016 1 6 SDVjHHfQOHmx
20152190 242 1 1 2015 2 4 wXEiirwl
20165657 243 1 1 2016 1 8 KlzzO
20137958 244 1 1 2013 4 16 SFOGlZqYuKsL
20136191 245 1 1 2013 4 5 frIXtrZ
20153815 246 1 1 2015 2 10 YsqWx
20156888 247 0 1 2015 2 14 LyxturRLdsoZ
20153156 248 1 1 2015 2 9 NxJnfcMRq
20143511 249 1 1 2014 3 0 BxZMoNPvS
20150202 250 0 1 2015 2 5 aUGOTSgQf
20132634 251 1 1 2013 4 16 KlecBAVDuFUG
20160272 252 0 1 2016 1 3 NRImmqjw
20154055 253 1 1 2015 2 0 GPZlYNya
20154328 254 0 1 2015 2 0 kqYIFbtt
20156646 255 1 1 2015 2 7 SfyHFntML
20162362 256 1 1 2016 1 5 RYWMnv
20134886 257 1 1 2013 3 15 tgAaBHEw
20152875 258 1 1 2015 2 0 YcnFNShZpzRf
20164433 259 0 1 2016 1 15 VOtkVSaCAp
20165869 260 1 1 2016 1 15 ymjoXu
20154142 261 1 1 2015 3 8 YQMKeVrMut
20157844 262 0 1 2015 2 12 ochSTqWkhGGB
20131416 263 0 1 2013 4 11 XjeYBf
20155881 264 0 1 2015 2 6 vdjjdTBix
20167998 265 1 1 2016 1 4 rgFPo
20142322 266 0 1 2014 3 8 gyLQf
20152651 267 0 1 2015 1 3 xSeiLTERkW
20142021 268 0 1 2014 3 5 gDPkeW
20135699 269 1 1 2013 4 11 QecUSqNycJ
20133557 270 1 1 2013 4 15 OPTwirnN
20164476 271 0 1 2016 1 6 vukRxYrZRMxA
20163892 272 0 1 2016 1 16 yaVBeBezi
20160389 273 0 1 2016 1 4 SQEGPB
20135075 274 0 1 2013 4 3 BAXmJKEuN
20142712 275 1 1 2014 3 13 NvRIthagD
20132600 276 1 1 2013 4 8 gTVsdRahsuQu
20132510 277 1 1 2013 3 4 QPtxOzHECqN
20155003 278 0 1 2015 2 12 vEQnnbO
20162869 279 0 1 2016 2 2 ttkFCZiLxUfc
20151861 280 0 1 2015 1 5 jtRDGQgg
20146688 281 1 1 2014 3 9 bphzxiRC
20145401 282 0 1 2014 3 2 nUPRedXEzrB
20141789 283 1 1 2014 3 11 aqCbvH
20147255 284 1 1 2014 3 1 RyzrLp
20150423 285 1 1 2015 2 10 VRhVxWJAhE
20135002 286 1 1 2013 4 7 bKkMt
20142585 287 0 1 2014 3 6 SrdYxJmy
20160182 288 0 1 2016 1 10 rBFNISN
20142285 289 0 1 2014 3 10 JIuvZ
20163088 290 1 1 2016 1 13 lcdCm
20167426 291 1 1 2016 1 7 xWIWwlu
20164617 292 0 1 2016 1 5 FQfIppZfxD
20157757 293 0 1 2015 2 9 DOjRpMHgWA
20141832 294 0 1 2014 3 1 hPQjoOEy
20166932 295 0 1 2016 1 11 cKstuTVOLuWc
20134169 296 1 1 2013 4 11 PnalOYuZ
20132154 297 1 1 2013 4 9 UEdKU
20161721 298 0 1 2016 1 8 GvQXtebdxSc
20151189 299 0 1 2015 2 4 ZwztGvaSKEqo
20153976 300 1 1 2015 2 16 mGvjq
20167329 301 0 1 2016 1 10 XhCohihqfy
20132368 302 0 1 2013 4 6 fHnUJ
20164692 303 1 1 2016 1 13 nkgYe
20155425 304 0 1 2015 2 12 AagZPTgdPUQm
20142555 305 1 1 2014 3 13 IBAblKXYJzC
20133434 306 1 1 2013 4 2 pDnOuMHhvTyn
20150549 307 1 1 2015 2 4 ZnBHdTkpdUr
20137441 308 1 1 2013 4 11 gjpTrWvM
20141512 309 1 1 2014 3 14 asctojGkY
20166145 310 0 1 2016 1 2 bTxFMHJkkCT
20152060 311 1 1 2015 2 3 rZrSEKvBvc
20155718 312 1 1 2015 2 0 BbJQFp
20133753 313 1 1 2013 4 1 wbjRRjGx
20150139 314 0 1 2015 2 4 SwcEodJ
20144423 315 0 1 2014 3 11 ImxIdtnz
20150279 316 1 1 2015 2 1 wxTlsemX
20161996 317 0 1 2016 1 5 liykYtM
20150687 318 1 1 2015 2 9 Gipbo
20144529 319 1 1 2014 3 3 gXgIhL
20156549 320 1 1 2015 2 7 CGFhRTkqXTM
20151437 321 1 1 2015 2 12 nnCin
20153866 322 0 1 2015 1 11 CGqolTtHS
20144949 323 0 1 2014 3 0 KDpxKzML
20130193 324 1 1 2013 4 8 HRIhtFVzW
20157195 325 1 1 2015 2 2 RQnwjiCH
20133297 326 0 1 2013 3 0 TkATqgh
20154416 327 1 1 2015 2 5 fyeCSKulraYZ
20164286 328 0 1 2016 1 16 qfNRZYoGxg
20150105 329 1 1 2015 2 12 UiIYmMT
20160488 330 0 1 2016 1 1 mcWploNxsBWo
20150282 331 1 1 2015 2 1 MFVRwU
20144455 332 0 1 2014 3 11 kfLkigOEaV
20161734 333 0 1 2016 1 14 UHiYwbva
20152114 334 0 1 2015 4 5 vthwgV
20143701 335 1 1 2014 3 4 MVoAhyNNU
20167316 336 1 1 2016 1 4 tgLEibgsPzhj
20154671 337 0 1 2015 2 0 TtpKPL
20135786 338 0 1 2013 4 11 iwgvoUdMRrEp
20144263 339 0 1 2014 3 13 poCpEu
20134313 340 0 1 2013 4 8 ZsMQvFfcDs
20160355 341 0 1 2016 1 15 iGXxiPqXcyDX
20167185 342 0 1 2016 1 0 esgggujyny
20154053 343 1 1 2015 1 16 FKeeN
20130912 344 0 1 2013 4 1 GICRzYYa
20142808 345 1 1 2014 3 5 YscLMWsBHDB
20131832 346 0 1 2013 4 10 Jqbnq
20154945 347 1 1 2015 2 3 ICGcXgwYiqo
20163756 348 1 1 2016 1 12 Ywtof
20164321 349 0 1 2016 1 11 gZwWBsQNBYBL
20153558 350 1 1 2015 2 7 QlOwnpYUS
20157646 351 1 1 2015 2 2 xGCJVA
20163982 352 0 1 2016 1 0 yMwewOA
20130481 353 1 1 2013 4 11 Vtlgmu
20134144 354 0 1 2013 4 0 eWwBdTDj
20157196 355 0 1 2015 2 1 YrKZtFDAaPQ
20154222 356 0 1 2015 1 12 EHugbgvs
20137129 357 1 1 2013 4 9 UfevKitd
20132161 358 1 1 2013 2 10 xFftLJL
20135535 359 1 1 2013 4 10 FLbxmWIl
20154450 360 1 1 2015 2 8 uTVBS
20143173 361 0 1 2014 3 1 vKBiP
20142466 362 1 1 2014 3 5 nAiYmDDIpACe
20144044 363 0 1 2014 2 8 jLYDpYHvrdj
20155659 364 0 1 2015 2 13 JoLHho
20162292 365 1 1 2016 1 0 KUQJWkhKOPg
20162439 366 1 1 2016 1 0 JjnZXFjtlOKC
20151253 367 1 1 2015 2 3 FRFqwizlfh
20154024 368 1 1 2015 2 13 ZdnADXNknLM
20162154 369 0 1 2016 1 16 VBJBVGDdBJh
20165510 370 0 1 2016 1 12 bKiWGBwcivPD
20134745 371 1 1 2013 4 9 uYMFOOgyI
20154649 372 0 1 2015 2 6 ziwJki
20145186 373 0 1 2014 3 12 WZBnnu
20140313 374 0 1 2014 3 14 ObqmmsQJhj
20134474 375 0 1 2013 4 7 vGhZOYDZo
20164022 376 0 1 2016 1 8 XyWFifeQMIL
20132168 377 0 1 2013 4 12 pLBLnihj
20146018 378 0 1 2014 3 15 MOqjvloHy
20152787 379 0 1 2015 2 16 DiZpH
20141905 380 0 1 2014 3 2 PozdBCOU
20151958 381 0 1 2015 2 3 wvZEjLHzkb
20137391 382 0 1 2013 4 11 MyTJhzRDZv
20142202 383 0 1 2014 4 16 eOIMYTGiD
20133625 384 1 1 2013 4 0 fYCPtpbMTRr
20162477 385 1 1 2016 1 10 azaowWJPLTH
20134414 386 1 1 2013 4 6 VkDnAbpm
20141314 387 0 1 2014 3 9 aiSLUYcvKiq
20161824 388 0 1 2016 1 9 jXFeDNWvleE
20165334 389 1 1 2016 2 15 XNQtNh
20161874 390 0 1 2016 1 12 MsrIGsZGQruX
20160372 391 1 1 2016 1 4 cAcJJQQz
20154159 392 0 1 2015 2 5 dFBlgNWIqGu
20143833 393 0 1 2014 3 3 DiEncFoFPpe
20164070 394 1 1 2016 1 11 BZfmspwdfniD
20137487 395 1 1 2013 4 2 AUAKwEtq
20164297 396 0 1 2016 1 10 TuACvOBqfQzQ
20137518 397 0 1 2013 4 15 MpZixmsOB
20140177 398 0 1 2014 4 10 rZTcjcT
20151773 399 0 1 2015 2 9 ToEow
20130270 400 0 1 2013 4 6 XNyqebnh
20131763 401 0 1 2013 4 6 vAjLaNIY
20132668 402 1 1 2013 4 6 OpemUfqPe
20151192 403 1 1 2015 2 3 uVIiqRlP
20145985 404 0 1 2014 3 3 XYLyBzOCnny
20133102 405 0 1 2013 4 7 faQujlR
20140480 406 0 1 2014 2 4 wTcNWsN
20165213 407 0 1 2016 1 14 dihvoBPr
20137627 408 0 1 2013 4 10 AOfFOfKVD
20134802 409 0 1 2013 4 8 wuktRDdIx
20134099 410 0 1 2013 3 1 Slcubl
20166527 411 0 1 2016 1 15 htHrqaoY
20132625 412 1 1 2013 4 5 jmCcnKZCcQ
20131543 413 0 1 2013 4 16 GsejcpoI
20131924 414 0 1 2013 4 7 LWujpoTk
20143023 415 0 1 2014 3 10 EibMt
20165972 416 1 1 2016 1 11 cNfybPlcE
20145061 417 1 1 2014 3 16 tkdFkfBo
20146181 418 0 1 2014 3 14 JqkzHi
20167003 419 1 1 2016 1 10 nyPFuMPkS
20163432 420 1 1 2016 1 5 xZueygvfY
20151505 421 1 1 2015 2 10 eQdVJHMO
20163593 422 0 1 2016 3 13 xdrzr
20156725 423 1 1 2015 2 13 NTMnPTto
20145031 424 1 1 2014 1 7 GqtvMSc
20140492 425 0 1 2014 3 13 ImUtCZGkuva
20130142 426 0 1 2013 4 6 gFEQgzTLTXb
20151222 427 0 1 2015 2 2 iWshAoelXYyf
20167286 428 0 1 2016 1 10 vCuepbUe
20145064 429 0 1 2014 3 0 eyycnKCWsh
20137900 430 0 1 2013 4 6 xHUgBZ
20153187 431 1 1 2015 3 12 nFtwiVlcGeK
20140360 432 0 1 2014 3 15 obWkcOyMWSdv
20156413 433 0 1 2015 2 8 DzEnnn
20166974 434 0 1 2016 1 7 csznre
20146270 435 0 1 2014 2 10 WcEag
20165170 436 0 1 2016 3 8 TRhqsZtOGxl
20130235 437 0 1 2013 4 5 gBNNpRCRXK
20166833 438 1 1 2016 1 5 EdaKSHiL
20153711 439 1 1 2015 2 7 YWSnNBCVU
20161760 440 1 1 2016 1 8 kOGTMmQwYaW
20152896 441 0 1 2015 2 9 ORtbjR
20134667 442 1 1 2013 4 15 sqCPfdh
20137285 443 0 1 2013 4 13 YulQLqXQP
20144550 444 1 1 2014 3 12 BbxuUCp
20130140 445 1 1 2013 4 10 Fxwvpme
20145694 446 1 1 2014 3 15 fEIhExTF
20132695 447 1 1 2013 4 12 NhwNxpPCeLXl
20155624 448 0 1 2015 2 9 rgzYfvIqXvn
20164019 449 1 1 2016 1 16 uaPZEsl
20132125 450 0 1 2013 4 14 WJXYUiFdVIX
20162576 451 1 1 2016 1 4 oocuX
20155694 452 0 1 2015 2 4 UewnKqva
20156658 453 0 1 2015 2 2 gPWYvuE
20162302 454 1 1 2016 1 8 CmUztAN
20151371 455 0 1 2015 2 16 JJtJLn
20156466 456 0 1 2015 2 16 EygXPzk
20134678 457 0 1 2013 4 16 QjMkHO
20156593 458 0 1 2015 2 6 rWZFlR
20157851 459 1 1 2015 2 3 yuhNCXT
20161484 460 0 1 2016 1 16 bAMsncc
20131018 461 1 1 2013 4 11 BZzqTiFnPlwT
20164464 462 1 1 2016 1 6 WgPSv
20155119 463 1 1 2015 2 13 IpPiSVDqk
20157152 464 1 1 2015 2 11 DsLsUOKBJNZ
20132800 465 1 1 2013 4 10 IvBupFr
20152087 466 1 1 2015 2 3 XMJTgcPBua
20167060 467 0 1 2016 1 8 DUGwYbzMy
20131926 468 0 1 2013 4 15 pGWmWVCMFn
20141010 469 1 1 2014 3 12 JjLQHatfJLqG
20134757 470 1 1 2013 4 11 VHVHe
20130170 471 0 1 2013 4 8 nwVkYIm
20154315 472 1 1 2015 1 2 FFdKW
20141576 473 1 1 2014 3 13 uVlovvu
20166227 474 0 1 2016 1 16 KRpOQVdw
20144043 475 1 1 2014 3 9 pMlnADWRJ
20156758 476 0 1 2015 2 11 tGzqKWE
20137164 477 0 1 2013 4 9 PcBDW
20135109 478 1 1 2013 4 10 SxklIGmR
20137882 479 1 1 2013 4 0 OHRyJKUX
20151086 480 1 1 2015 2 1 NUkWDwjDs
20165565 481 1 1 2016 1 14 MklIW
20133487 482 1 1 2013 4 0 FDnUgshw
20165577 483 0 1 2016 1 13 WvColpeMcfEL
20146474 484 1 1 2014 3 5 hobuUlOWO
20161627 485 0 1 2016 1 7 egvbOjHDqTpr
20135629 486 1 1 2013 4 8 qtlydSJnHIVt
20167928 487 0 1 2016 1 3 BRVtvTYSHKbl
20161423 488 1 1 2016 1 5 AAjdhBGki
20164520 489 1 1 2016 1 3 HUhfxs
20136902 490 0 1 2013 4 4 vRbnVcwwLiA
20146962 491 0 1 2014 3 15 EIDZMGaooAx
20130123 492 1 1 2013 4 9 ohSgZ
20160596 493 0 1 2016 1 16 LukwpcC
20133737 494 1 1 2013 4 14 XpBeB
20145261 495 0 1 2014 3 8 yEZJN
20142195 496 0 1 2014 3 14 aCYLqKnK
20130525 497 0 1 2013 4 13 rrWPLRwApM
20131264 498 0 1 2013 4 16 ZuiDFtlN
20140260 499 1 1 2014 3 13 OlULeHICH
20136202 500 0 1 2013 4 4 BrYVehoxqJa
20140116 501 0 1 2014 3 10 duBCGGzR
20135030 502 1 1 2013 4 2 owWwSrPQzOOc
20154326 503 0 1 2015 2 1 pDgsRClW
20165011 504 1 1 2016 1 11 gTuZUJxkeO
20166771 505 0 1 2016 1 4 zjuUk
20136411 506 1 1 2013 4 13 xUCmMHk
20155153 507 1 1 2015 2 11 hWaNjVRzuGvv
20155520 508 1 1 2015 2 10 JibRChAMzgb
20165790 509 1 1 2016 1 11 ovhtKFd
20146924 510 1 1 2014 2 7 VvSkOJUZ
20166188 511 0 1 2016 1 2 IegOHTMt
20155763 512 0 1 2015 2 13 OdFZkWeA
20134940 513 1 1 2013 4 1 UEcVx
20154851 514 1 1 2015 2 3 fwvNB
20152662 515 1 1 2015 2 0 nfaITs
20145829 516 0 1 2014 3 7 xyKrtJopcYVK
20166900 517 1 1 2016 1 13 AZnDuuB
20151713 518 1 1 2015 2 15 jFbPwZfQ
20152958 519 1 1 2015 2 1 UFMRFypWlza
20151578 520 0 1 2015 2 2 ORpdRZhnuG
20140365 521 0 1 2014 3 7 VqjRdjknpOe
20145007 522 1 1 2014 3 14 behGOWuT
20143477 523 0 1 2014 3 15 DqOLceR
20131200 524 0 1 2013 4 11 PrCXVGIzZ
20162058 525 1 1 2016 1 9 asipICKtWty
20136439 526 0 1 2013 4 11 MtNzkwvtw
20132303 527 1 1 2013 4 13 KCsnAPbD
20144760 528 0 1 2014 2 4 yuzZERm
20153357 529 0 1 2015 2 13 EnOfGNthKsa
20132324 530 0 1 2013 4 9 KXVmTfNbTmL
20136477 531 0 1 2013 3 14 bWdOlqiTlyJ
20135108 532 1 1 2013 4 1 xukQXG
20155113 533 0 1 2015 2 9 RvjaHxuQGG
20146887 534 0 1 2014 3 0 ZYngTZMusAv
20153801 535 1 1 2015 2 2 gdcBzbY
20156850 536 1 1 2015 2 16 lbLjm
20146460 537 0 1 2014 3 13 FzqqCjrxJaAY
20156428 538 0 1 2015 2 2 Vkuwoy
20144993 539 0 1 2014 3 6 gUVyzZxGidLf
20163384 540 0 1 2016 1 3 FoVxiMlgbBp
20153405 541 1 1 2015 3 3 MwvwaHCdu
20136540 542 0 1 2013 3 13 hTiAitGoLFGa
20167111 543 1 1 2016 1 16 bFbIcFqnzLo
20164704 544 1 1 2016 1 4 ngwNmxNMjIvw
20144835 545 1 1 2014 1 7 jvyWt
20130356 546 0 1 2013 4 9 STwfXcvGEOK
20136072 547 1 1 2013 4 14 lEhdLGiJLx
20165350 548 0 1 2016 1 7 XnSnEHBy
20152823 549 0 1 2015 2 9 kbgNyZp
20146485 550 0 1 2014 3 1 zaOsNmSx
20154556 551 0 1 2015 2 14 METnVZ
20157216 552 0 1 2015 2 16 qyRESF
20131626 553 1 1 2013 4 15 cwXLU
20141357 554 1 1 2014 3 9 PKYFutM
20140526 555 0 1 2014 3 0 FamiGJRLrsn
20145357 556 0 1 2014 2 16 qQKZy
20165337 557 0 1 2016 1 1 nMerOakAMqcq
20157271 558 1 1 2015 2 0 qiPMXHqlNsSu
20157869 559 0 1 2015 2 5 GEjctLGm
20165361 560 1 1 2016 1 15 XmcnIExHFjMw
20144896 561 1 1 2014 3 6 aHnapSGQ
20145022 562 0 1 2014 1 5 yLTkKBnJiGz
20165617 563 1 1 2016 1 0 lpfGMwoEGv
20142112 564 1 1 2014 3 15 KLikXR
20144717 565 1 1 2014 3 13 qYrMTSBFqF
20152696 566 1 1 2015 2 2 GJfCVNm
20143585 567 1 1 2014 3 14 LAQKoNuOA
20160041 568 0 1 2016 1 0 UmVPbJ
20160423 569 1 1 2016 1 15 tQEUYrmNWs
20160129 570 0 1 2016 1 2 JPwtOMCVlQ
20160229 571 1 1 2016 1 6 phpIhzdOpI
20134565 572 1 1 2013 4 3 JSDDEgZRExk
20136559 573 0 1 2013 4 8 oYAfGfwx
20140932 574 0 1 2014 3 11 MAnIfP
20156296 575 0 1 2015 2 11 CKeCv
20165855 576 0 1 2016 1 6 mTHKUb
20144053 577 0 1 2014 3 7 SZaPYXP
20150962 578 0 1 2015 2 14 OBoLRatGmly
20133584 579 1 1 2013 4 13 SZQLo
20165734 580 1 1 2016 1 4 HIFMSAZtSoUG
20136654 581 1 1 2013 4 0 hgJsHHPPLM
20150972 582 1 1 2015 2 13 bYnZmBuEvHp
20155457 583 1 1 2015 2 13 trhABXMwJTPA
20146369 584 1 1 2014 3 11 TIvWmtouXa
20156532 585 1 1 2015 2 0 ZQMcVLlUg
20132963 586 1 1 2013 4 2 YDrJSFR
20132607 587 0 1 2013 4 4 eIaLuoY
20132483 588 1 1 2013 4 7 eRJWtULFG
20130911 589 1 1 2013 4 10 iUliKZcLlUH
20143635 590 0 1 2014 3 5 pRCprpcV
20142067 591 1 1 2014 3 8 bJnvYgvN
20156848 592 0 1 2015 2 14 YfMRMmQK
20134675 593 1 1 2013 4 10 TYSdlFpRxZc
20144938 594 0 1 2014 3 15 grGPqqU
20132223 595 0 1 2013 4 16 FHTNg
20156142 596 0 1 2015 1 8 xhznYMQMSj
20157754 597 0 1 2015 2 0 NdmvIKAtONR
20136511 598 1 1 2013 4 0 iekYlBwVZuT
20156741 599 0 1 2015 2 1 RJsYeyio
20154175 600 0 1 2015 2 0 PqnWZ
20155459 601 1 1 2015 2 4 ZeDUHzFZah
20151825 602 0 1 2015 1 13 dHslDY
20133221 603 1 1 2013 4 16 FCdMkXBGin
20151870 604 1 1 2015 2 6 xSNJQmX
20167934 605 0 1 2016 1 6 eUnTxRIhOjyZ
20147205 606 1 1 2014 3 3 yiLSSlt
20167783 607 0 1 2016 1 13 HVuaLTTzLl
20157850 608 1 1 2015 2 13 VBvZJVG
20151398 609 1 1 2015 2 0 YPSEUl
20156279 610 1 1 2015 2 7 RteAxOYrf
20156701 611 1 1 2015 2 11 ZnIQIIUJl
20144193 612 0 1 2014 3 8 HHkYqivcmpHO
20144734 613 1 1 2014 3 13 vYTba
20131637 614 1 1 2013 4 8 rjSxwmxZWAFk
20162534 615 0 1 2016 1 11 NwhcJ
20135556 616 0 1 2013 4 11 weuybfTt
20131993 617 1 1 2013 4 3 WtDWef
20142176 618 1 1 2014 3 10 xvjMVRdmMdZo
20161705 619 1 1 2016 1 4 NfAIJG
20136962 620 0 1 2013 4 5 kClrqyf
20142548 621 1 1 2014 3 9 BEWibCCNlDc
20147881 622 0 1 2014 3 11 cHsTzq
20130300 623 0 1 2013 4 6 rKZQdYFZG
20146413 624 1 1 2014 3 15 qJJDYeFVdF
20150641 625 1 1 2015 2 4 jpleJjzEG
20153855 626 0 1 2015 2 15 PODorAUODG
20160855 627 0 1 2016 1 0 lFUeGYBiUMqL
20145142 628 1 1 2014 1 9 OvNUjGI
20143462 629 1 1 2014 1 1 DCnPmkXLfQiU
20163611 630 0 1 2016 1 16 qYrcJn
20166877 631 1 1 2016 1 5 YOqlf
20154424 632 0 1 2015 1 14 EJoMqSeawIaz
20130678 633 0 1 2013 4 8 XMmOcoTQh
20131752 634 0 1 2013 4 4 CnhLLxOVZ
20152443 635 1 1 2015 2 11 QueyAULo
20164296 636 0 1 2016 1 4 YRtEiFLf
20144673 637 1 1 2014 3 8 cSqPy
20142040 638 1 1 2014 3 12 pnqydPM
20141313 639 1 1 2014 3 7 EVGMGMdYx
20130875 640 0 1 2013 4 10 wfrxPWS
20154072 641 0 1 2015 2 15 SQzRV
20144818 642 1 1 2014 3 3 GVpSI
20130610 643 1 1 2013 4 16 pgJIn
20131017 644 1 1 2013 4 6 MAnSccfqJY
20146932 645 1 1 2014 3 5 voMzHWmEtkw
20164112 646 0 1 2016 1 16 dEtdpAWdi
20166695 647 1 1 2016 1 10 dBaRrTEk
20145169 648 1 1 2014 2 12 ktRhWnCXAZJx
20157831 649 0 1 2015 2 4 XMhwsz
20154040 650 0 1 2015 4 16 xTgBF
20162488 651 1 1 2016 1 16 SSCfCJfQc
20164685 652 0 1 2016 1 8 xUQCUQzOw
20153090 653 1 1 2015 2 12 TpsApE
20153497 654 0 1 2015 2 16 kEoQDngWf
20132589 655 0 1 2013 4 4 kPYkaYQT
20161990 656 1 1 2016 1 12 WcFUxP
20147145 657 0 1 2014 3 11 OwVDFEU
20153353 658 0 1 2015 2 0 NxsvSnzkO
20153314 659 0 1 2015 2 12 GeZOTMsKYLfB
20162740 660 0 1 2016 1 12 DyScdJrZxy
20156044 661 0 1 2015 2 11 WLlkRBhYsrlh
20143258 662 0 1 2014 3 15 woeCBpZ
20130335 663 0 1 2013 3 16 xjidztZVRBS
20140759 664 1 1 2014 3 0 DxOgI
20143192 665 0 1 2014 3 10 ZUvUqckcBC
20137605 666 1 1 2013 4 1 oTlRUuoZNKwt
20161264 667 0 1 2016 1 10 cRAIxEZECq
20144181 668 1 1 2014 2 11 uPuPx
20164503 669 0 1 2016 1 15 qEYzlMTk
20133829 670 1 1 2013 2 2 eHEKCYC
20157775 671 0 1 2015 1 14 dtpIkIQNwfB
20154608 672 0 1 2015 1 11 oopNZmeI
20165292 673 0 1 2016 1 12 CHBxyflUrSm
20135997 674 1 1 2013 4 4 CjMQjnRDO
20151549 675 0 1 2015 2 1 hHXJjreypJ
20165556 676 1 1 2016 1 1 JYvjJs
20161561 677 1 1 2016 1 13 CREIZrpBvmya
20167627 678 1 1 2016 1 15 jdMiGgLJDJpT
20136467 679 0 1 2013 4 8 giFfZ
20165541 680 1 1 2016 1 7 dklmkbatS
20162129 681 0 1 2016 1 8 JNFeaY
20167240 682 1 1 2016 1 0 BZzmfW
20163813 683 0 1 2016 1 12 PgwuPjOW
20165174 684 1 1 2016 1 7 Vddavd
20154601 685 0 1 2015 2 11 aKyCpFYlXh
20136077 686 1 1 2013 4 9 ArOhMzjJDVj
20154215 687 0 1 2015 2 4 nEeqNZbF
20140683 688 1 1 2014 3 16 cnWvZl
20140213 689 1 1 2014 3 3 VruDYdzASjP
20157992 690 1 1 2015 2 2 czKfNqVPvC
20135601 691 0 1 2013 4 14 IbLuaXwYMae
20157392 692 0 1 2015 2 9 lDymbEqgao
20147759 693 0 1 2014 3 7 IyTjX
20132670 694 1 1 2013 4 8 xQdgjxNsMs
20162428 695 0 1 2016 1 11 OrUukp
20164027 696 1 1 2016 1 3 PiJNiPFzxZd
20134084 697 1 1 2013 4 10 fJTpdin
20142075 698 1 1 2014 3 7 vCcuqEpET
20152786 699 1 1 2015 2 4 KLleCJ
20147498 700 0 1 2014 3 14 kVrQZArp
20160970 701 1 1 2016 2 16 bpRCMNdBi
20136287 702 1 1 2013 4 0 ztZrLNlTIFvI
20157847 703 0 1 2015 2 14 AaIPAIW
20130604 704 0 1 2013 4 3 FNhOXRwgR
20130503 705 0 1 2013 4 5 UTbLO
20155221 706 0 1 2015 2 4 OsFQvZSalnvQ
20156663 707 0 1 2015 2 5 BEehq
20135706 708 1 1 2013 4 3 pNGgApiMO
20132363 709 1 1 2013 4 1 xCTomzJjE
20156171 710 0 1 2015 1 14 ShdST
20163489 711 0 1 2016 1 1 uOTXuNNjsfiI
20152240 712 0 1 2015 2 9 dFYtUNfGhC
20144164 713 0 1 2014 3 1 xCHhz
20161542 714 0 1 2016 1 8 nHixzrvH
20137619 715 1 1 2013 4 0 ERKUqICKysV
20154913 716 1 1 2015 2 3 GxwhbiL
20137591 717 0 1 2013 4 0 PWFifBOM
20136704 718 0 1 2013 3 2 wpfUoWnYGQWE
20167818 719 1 1 2016 1 0 xXVmQ
20141232 720 0 1 2014 3 4 RHcPZneQE
20130750 721 1 1 2013 4 4 paSdXcEAQk
20161205 722 1 1 2016 1 11 VKGrnMp
20134975 723 0 1 2013 4 10 maifgJ
20131539 724 1 1 2013 4 16 hxTxTM
20130303 725 0 1 2013 3 1 FtFOKCImLTCy
20143422 726 0 1 2014 3 0 gNzBgs
20155098 727 0 1 2015 2 4 euOIIHZcJzyV
20143247 728 1 1 2014 3 9 TIdZgoyEfx
20145584 729 0 1 2014 3 2 NauOLgP
20145648 730 0 1 2014 3 5 MmSEx
20132971 731 1 1 2013 4 16 MOSsjvcR
20151864 732 1 1 2015 2 9 AOEZM
20156913 733 1 1 2015 2 4 jFTlrI
20143075 734 0 1 2014 3 4 peMMBc
20155545 735 1 1 2015 2 15 dBCujRzTf
20164712 736 0 1 2016 1 10 ndqdypErZ
20151546 737 0 1 2015 2 14 YqnKUp
20152678 738 1 1 2015 2 15 RkyZEkpTuwj
20131769 739 0 1 2013 4 9 Scten
20147262 740 0 1 2014 3 0 WjkBV
20140519 741 0 1 2014 3 14 eQTLlJi
20164289 742 0 1 2016 1 1 zMLztaP
20147944 743 0 1 2014 3 5 zGTyQI
20132865 744 1 1 2013 2 2 PPqlZpf
20152540 745 0 1 2015 2 2 BqJVHop
20157245 746 1 1 2015 2 3 sUauAXc
20161508 747 0 1 2016 1 9 sMSpGRICLVQ
20164318 748 1 1 2016 1 11 IeYQMUkI
20163870 749 0 1 2016 1 13 uecDQHnmNCa
20141601 750 1 1 2014 3 1 dWOYynN
20164323 751 1 1 2016 1 5 OKhAVryHbEth
20155132 752 0 1 2015 2 9 tCeKfrYy
20160472 753 0 1 2016 1 11 dSMxOdIz
20163152 754 0 1 2016 1 2 ZuVbJUH
20161087 755 1 1 2016 1 15 rMyxllAPwiK
20164570 756 0 1 2016 1 14 VlwJx
20165763 757 0 1 2016 1 13 vPwyWWDlmW
20165901 758 1 1 2016 1 13 HaeZOVnNU
20151103 759 0 1 2015 2 0 DSpRlSQ
20146423 760 1 1 2014 3 11 yToeLdzqQ
20133527 761 1 1 2013 4 5 TtvnE
20143600 762 0 1 2014 3 4 JkiBicLDvO
20162969 763 1 1 2016 1 9 WCGgtmX
20146015 764 0 1 2014 3 5 DLkhanavSY
20135565 765 0 1 2013 4 3 vmQqeWUxIZfv
20130028 766 1 1 2013 4 9 cLLnbq
20155543 767 1 1 2015 2 12 updXD
20161347 768 1 1 2016 1 7 ntlAVFXle
20132088 769 1 1 2013 4 13 iQVPaIKsy
20132943 770 1 1 2013 4 13 lAGqT
20144637 771 0 1 2014 2 9 bLuHrYLJ
20156409 772 1 1 2015 2 16 RlUQCxVhkGY
20162463 773 1 1 2016 1 2 MkvvHOeKH
20135049 774 0 1 2013 4 16 mfpzHmM
20134681 775 1 1 2013 4 2 UhBbW
20131588 776 1 1 2013 4 1 olXxYbMid
20143342 777 0 1 2014 3 9 HoVmACKwtEg
20130608 778 0 1 2013 4 3 SdzsQrelwGs
20130060 779 1 1 2013 4 0 fDaYcMxBLxCr
20131758 780 0 1 2013 4 11 iFfKAknyl
20165954 781 0 1 2016 1 3 HQiWvRCxXh
20154888 782 1 1 2015 2 15 xqvCf
20146146 783 0 1 2014 3 14 KVUjUfWazxY
20130690 784 1 1 2013 4 8 ygxPLz
20137949 785 0 1 2013 2 0 OlqFZhG
20144843 786 0 1 2014 4 13 SeoBehk
20155430 787 0 1 2015 2 10 DrQFY
20161620 788 1 1 2016 1 0 BSyshsdVQ
20130748 789 0 1 2013 4 3 whbyprhoUEj
20163067 790 1 1 2016 1 12 kHjAFxhi
20134536 791 1 1 2013 4 13 labKkn
20154783 792 1 1 2015 1 4 AJndotk
20152035 793 0 1 2015 2 7 TRIHhNuzKyxw
20130226 794 0 1 2013 4 8 oPtOXp
20147185 795 0 1 2014 3 9 iXJDogMp
20137038 796 1 1 2013 3 6 FxpXb
20141853 797 0 1 2014 3 16 OtbZtlJPVig
20161629 798 1 1 2016 1 0 UwgWJJTB
20143224 799 1 1 2014 2 3 atLdcekm
20147748 800 0 1 2014 3 16 DOxCFr
20153923 801 0 1 2015 2 6 nUdYkUVqXUY
20133359 802 1 1 2013 4 5 lUJTpslClvRi
20130257 803 1 1 2013 4 3 AvVhVdx
20160766 804 1 1 2016 1 4 TsrDWGgBT
20134944 805 0 1 2013 4 7 YkNRN
20146955 806 1 1 2014 3 8 eXlwODD
20157318 807 0 1 2015 2 3 iNRhbL
20130726 808 1 1 2013 4 4 aPuPyN
20161411 809 1 1 2016 3 6 TcqZakxVEkSW
20155025 810 1 1 2015 2 5 JUOszzPWn
20154355 811 1 1 2015 2 6 FLYzW
20167001 812 0 1 2016 1 14 BxEWgYTx
20141496 813 0 1 2014 3 13 qGPeUBSvmB
20152584 814 0 1 2015 2 12 BfinNSq
20141515 815 0 1 2014 3 8 FCdDTfR
20151964 816 1 1 2015 2 14 qDKtgxWQ
20157342 817 1 1 2015 2 12 nEzDcdyxF
20140075 818 0 1 2014 3 8 goZBuCfgB
20151913 819 1 1 2015 2 0 UuKdcaCJIIj
20150142 820 1 1 2015 2 4 BoMxQTj
20167196 821 1 1 2016 1 9 rZGbxieF
20155948 822 1 1 2015 2 13 VnYMEYNeNXVf
20161072 823 1 1 2016 1 5 DMoaFea
20154426 824 1 1 2015 2 11 yDYVAHwc
20146606 825 1 1 2014 3 9 yxmqYBHwbNiL
20162173 826 0 1 2016 1 2 NWmePNxrEsnE
20160429 827 1 1 2016 1 2 OYDaYnmMIvj
20130404 828 0 1 2013 1 1 fRACjXLxeEXA
20136705 829 0 1 2013 4 6 JsldDgXm
20154626 830 1 1 2015 2 10 Jgnhe
20165812 831 0 1 2016 1 13 nmLDTPMPyGz
20153375 832 1 1 2015 2 7 nJebYkR
20166093 833 0 1 2016 1 11 jbNZlkxDVV
20150565 834 1 1 2015 2 9 xNgjeNQNfhXI
20150036 835 1 1 2015 2 1 FbMRcUjEcjcm
20146736 836 1 1 2014 3 12 ESVlsl
20165141 837 1 1 2016 1 12 tvImK
20166814 838 0 1 2016 1 7 aQtAq
20135994 839 0 1 2013 4 3 zyflYCIYBUm
20140256 840 0 1 2014 3 0 XpIPVx
20136652 841 0 1 2013 2 12 gmeKLIHRtH
20157936 842 0 1 2015 2 0 bpSndAguaVJ
20166838 843 1 1 2016 1 9 lWEaFaBa
20154482 844 1 1 2015 2 11 sXDVBxjWaaBY
20131355 845 1 1 2013 4 2 DxUbwtmpB
20155015 846 0 1 2015 2 13 sggTHQQoD
20131131 847 0 1 2013 4 15 bxMHoayP
20152230 848 1 1 2015 2 2 ghNGS
20151841 849 1 1 2015 2 7 pluQtxb
20146625 850 1 1 2014 3 9 BmzWr
20132011 851 1 1 2013 2 15 aedBcbBb
20130637 852 1 1 2013 4 12 hgzfKd
20134186 853 0 1 2013 4 9 tiCXjrGR
20153690 854 1 1 2015 2 14 hOfjRDz
20131650 855 0 1 2013 4 1 TGFbsLtt
20135662 856 1 1 2013 4 9 tWhgXnKsOe
20155634 857 0 1 2015 2 10 VsEmigUR
20142893 858 0 1 2014 3 2 fzDUYltoWLPl
20142353 859 1 1 2014 1 14 GbyiKrRNQ
20155416 860 1 1 2015 4 3 fKJxL
20145452 861 0 1 2014 3 15 FXehNFFr
20146008 862 1 1 2014 3 3 ELwtUNInUT
20137262 863 1 1 2013 4 9 lAqkTIp
20156233 864 0 1 2015 2 9 mMccKqRNqKh
20135454 865 0 1 2013 4 5 uYtikKSrcde
20150303 866 0 1 2015 2 1 CFLuzdtKR
20150634 867 1 1 2015 2 0 fonsEwo
20162303 868 0 1 2016 1 4 ZGiZcGdsZm
20146256 869 1 1 2014 3 1 kOsEdQDisys
20130148 870 1 1 2013 4 11 RNVcvedh
20143124 871 1 1 2014 3 0 XqPkmed
20144317 872 0 1 2014 3 6 VEIwXGpGcRQ
20134213 873 0 1 2013 4 15 JZjmIwgUGB
20163109 874 1 1 2016 1 12 RPAyKxm
20160028 875 1 1 2016 2 11 AxKcT
20165200 876 1 1 2016 3 2 TCchGQljKnNm
20155080 877 1 1 2015 2 8 cTqAkTRAud
20155318 878 0 1 2015 2 16 cqRzUCAZr
20150858 879 0 1 2015 2 2 BaCxDHjVNHQd
20160050 880 0 1 2016 1 10 nOUcPrJr
20160155 881 0 1 2016 1 16 htTdNGfthgcb
20167361 882 1 1 2016 1 11 sWxRkfxFuKWj
20147264 883 0 1 2014 3 7 UmvnHtYkn
20143903 884 0 1 2014 2 10 OVmNkMA
20133676 885 1 1 2013 4 13 CLmUQ
20165643 886 1 1 2016 1 10 EzpnRVMr
20162909 887 0 1 2016 3 0 ybFuzKRlW
20146902 888 0 1 2014 3 16 wIeMtjFkR
20133561 889 0 1 2013 3 15 BRbVDI
20164489 890 0 1 2016 1 1 iyhXuWBSUzJK
20160948 891 0 1 2016 1 5 xbJYO
20131282 892 1 1 2013 4 7 mqoTmByDQpPa
20145653 893 1 1 2014 3 2 qyZHsoTeB
20166674 894 1 1 2016 3 3 bVhzW
20132220 895 0 1 2013 4 9 lXZuEnFqCp
20135402 896 1 1 2013 4 7 kumqN
20136923 897 0 1 2013 4 0 OuSLe
20133831 898 1 1 2013 4 2 EWhyTpL
20153369 899 0 1 2015 2 1 HGtipdX
20133878 900 1 1 2013 4 16 hWycLSexz
20154259 901 1 1 2015 2 16 XcMyqvWgV
20153008 902 1 1 2015 2 2 jSklcs
20156619 903 0 1 2015 1 11 HhMdhYQKsmMI
20157971 904 1 1 2015 2 1 FEBFN
20166003 905 1 1 2016 1 11 CotLDbQ
20155945 906 1 1 2015 2 8 aizZfjO
20141781 907 0 1 2014 3 10 URWVGSz
20162504 908 1 1 2016 1 3 yhcgoV
20144392 909 0 1 2014 3 15 DBmmdJ
20130685 910 0 1 2013 4 10 PGaDC
20161313 911 1 1 2016 1 9 PCBBNSybYx
20136698 912 0 1 2013 4 1 pvSpIKiypq
20135589 913 0 1 2013 2 6 OOqLbHMjhos
20144722 914 0 1 2014 3 10 MJFJmYQ
20135938 915 0 1 2013 3 13 nBAgarh
20153037 916 0 1 2015 2 11 XwpLG
20136410 917 0 1 2013 4 16 QNEvu
20167461 918 0 1 2016 1 7 JigWaBOU
20136234 919 1 1 2013 4 9 dsELNeFL
20144508 920 1 1 2014 3 1 dLhJKHCZCRb
20133959 921 0 1 2013 4 3 NtuPytqQrGdF
20136493 922 1 1 2013 4 6 hTEwITTkXrHD
20131515 923 0 1 2013 4 16 GxxgPNfX
20161269 924 0 1 2016 1 4 zuwvztD
20160937 925 0 1 2016 1 10 MaXlejFc
20164869 926 1 1 2016 1 12 eLuBjtQqwIwv
20130058 927 0 1 2013 4 15 xntiqloPyS
20146700 928 0 1 2014 3 2 rOfAdK
20145971 929 1 1 2014 3 12 pmPbRw
20162264 930 0 1 2016 1 10 kyhdxdPpi
20147117 931 0 1 2014 3 0 BTpcb
20150215 932 0 1 2015 2 15 hMdMj
20160555 933 0 1 2016 1 7 iauwrwyxsYz
20137815 934 1 1 2013 2 8 mEePmiADAsPi
20152330 935 0 1 2015 2 1 qMiTyVVSll
20133039 936 0 1 2013 4 1 GzVQclQKbDnb
20166212 937 1 1 2016 1 14 hTyAdh
20165288 938 0 1 2016 1 2 EvblFM
20164082 939 0 1 2016 1 1 INfGykrwlT
20131954 940 1 1 2013 4 7 BhQLbIy
20150085 941 1 1 2015 1 6 BoyegeBVFpfd
20154710 942 1 1 2015 2 3 mxDezmUXSH
20160774 943 0 1 2016 1 10 kELuPEzNFFnF
20140380 944 0 1 2014 3 15 SwwcuANnX
20165815 945 1 1 2016 1 1 qFoHtbilM
20161951 946 0 1 2016 1 10 MzPXbDhExU
20136541 947 1 1 2013 4 10 GseRifO
20152115 948 0 1 2015 2 9 SVqKkpXYdgv
20131679 949 1 1 2013 4 7 tgfYzD
20151110 950 1 1 2015 2 6 SzBUBVbJryq
20161898 951 1 1 2016 1 9 JwxJsf
20157073 952 0 1 2015 2 8 INDXQRthvTLg
20130788 953 0 1 2013 3 14 oMbbPmeD
20157977 954 0 1 2015 2 16 cpJOKHhN
20152132 955 1 1 2015 2 11 qygStXu
20165956 956 1 1 2016 1 1 qUTTNfcgZ
20164689 957 0 1 2016 1 14 fTMJqjvUGlvs
20162113 958 0 1 2016 1 14 RPHLNNari
20142008 959 1 1 2014 2 2 yaSSdvK
20144941 960 1 1 2014 3 1 rynFQaXmmmv
20147790 961 0 1 2014 4 3 pdcsqi
20131723 962 0 1 2013 4 10 RWUahaAtZH
20155363 963 1 1 2015 2 9 PDxOSotj
20161184 964 1 1 2016 1 0 NGBMWy
20160778 965 1 1 2016 1 12 jvXGUEM
20137200 966 0 1 2013 4 12 boJFIKFwdN
20135071 967 0 1 2013 2 12 WmmWYUjqWpk
20131885 968 0 1 2013 4 15 KeBffqulNAw
20155974 969 0 1 2015 1 9 kURoCIijhNG
20131071 970 1 1 2013 4 13 YDQQYDnq
20143333 971 0 1 2014 3 10 qTYiQ
20156867 972 1 1 2015 1 7 vjjrNAUz
20162153 973 1 1 2016 1 5 yFHXFeWIdl
20146295 974 1 1 2014 3 11 cpjEWUJ
20130168 975 1 1 2013 4 4 VIGki
20154825 976 1 1 2015 2 1 DPYdTt
20141676 977 0 1 2014 3 4 TaZFMdDHised
20147629 978 0 1 2014 3 14 SKxOPtTTtY
20164650 979 0 1 2016 1 10 GFxtNRkoaA
20132598 980 0 1 2013 4 15 TgYDh
20133309 981 0 1 2013 4 16 MSiyb
20134693 982 0 1 2013 4 1 ZjCMdYkOob
20134686 983 1 1 2013 4 9 ikPgG
20166080 984 0 1 2016 1 9 IVjgHF
20142116 985 1 1 2014 4 0 TYbnVhea
20144249 986 0 1 2014 3 10 vIDNw
20162667 987 1 1 2016 1 0 GkKScl
20131528 988 0 1 2013 4 7 xEAglnMx
20162679 989 1 1 2016 1 10 pJCIqfLGdeFv
20137864 990 0 1 2013 4 15 rlaEffjnILt
20165421 991 1 1 2016 1 3 qyiQNFDcB
20140405 992 1 1 2014 3 8 fFszuPGvNfv
20140826 993 1 1 2014 3 7 vuarqWGLrB
20136816 994 1 1 2013 4 15 KhtUiOOP
20137516 995 1 1 2013 4 15 xtjyLH
20163726 996 0 1 2016 1 5 nCrbqsL
20164666 997 0 1 2016 1 13 cPPRwQ
20165087 998 0 1 2016 1 10 DPCKS
20163681 999 1 1 2016 1 5 bJkhvSR
20153964 1000 1 1 2015 2 13 VJfdFEwiVD
20131340 1001 0 1 2013 4 7 PSsccSrtGM
20135686 1002 1 1 2013 4 5 PTIZCfujPZK
20136021 1003 1 1 2013 4 13 OMJqK
20143662 1004 0 1 2014 3 10 IbScaoMOnaY
20146721 1005 1 1 2014 2 6 EQKyxpNblmC
20136064 1006 1 1 2013 4 2 NveYnWyOAXkn
20165309 1007 1 1 2016 1 13 wGrWx
20154415 1008 1 1 2015 2 12 lQKtsoYBIlN
20151902 1009 1 1 2015 2 7 LPKOrvPjLr
20165873 1010 0 1 2016 1 15 BVyGV
20151124 1011 1 1 2015 1 4 izLcYfOZIhO
20157941 1012 1 1 2015 2 8 ZQyrGDktPugz
20130745 1013 1 1 2013 4 15 DSDzQddQxc
20167762 1014 0 1 2016 1 14 cUrcxXTNzpX
20164423 1015 1 1 2016 1 12 XdyNzFzqskkV
20163531 1016 1 1 2016 2 3 NCnYSLJHMbS
20134806 1017 0 1 2013 3 15 iITjeDxHX
20144268 1018 1 1 2014 3 2 DdQPRVOFN
20141318 1019 1 1 2014 3 10 EgFKFbob
20135602 1020 0 1 2013 4 11 NBtoqoiI
20167907 1021 1 1 2016 1 10 YWyMer
20160307 1022 0 1 2016 1 14 oCYtPja
20157481 1023 0 1 2015 2 0 qgMJdORfNO
20131012 1024 1 1 2013 4 0 FSLJXEqRCcU
20155136 1025 1 1 2015 2 2 bNyxBzhlCT
20162630 1026 1 1 2016 1 13 VDCuQoUQx
20160114 1027 1 1 2016 1 11 qGfOI
20162809 1028 1 1 2016 1 15 TAFXBrKU
20157556 1029 1 1 2015 2 15 KErMHdLXPMEn
20144290 1030 0 1 2014 3 4 HnmoVuSkokmV
20155293 1031 1 1 2015 2 9 jEZhhHwJz
20165996 1032 1 1 2016 1 8 HgqmENQIDkKG
20165152 1033 1 1 2016 1 4 AeXOeIAVQZ
20131054 1034 0 1 2013 4 12 NguswxXBhzsF
20161345 1035 1 1 2016 1 16 XAoEf
20146708 1036 0 1 2014 3 5 KsFVQgwW
20130248 1037 1 1 2013 4 14 fztyvTgf
20137491 1038 0 1 2013 4 11 GhnUhggVX
20145712 1039 1 1 2014 3 13 woyJXONbjzMm
20135131 1040 1 1 2013 4 6 gfsAwOPCgmu
20166114 1041 0 1 2016 1 2 fYkDav
20150439 1042 1 1 2015 1 12 BTpNRKLJD
20160722 1043 1 1 2016 1 2 iLZEfM
20165704 1044 0 1 2016 1 11 UkwsiRZqZgP
20136995 1045 1 1 2013 4 5 dDymrpIxi
20131052 1046 1 1 2013 4 0 CcryJix
20137479 1047 0 1 2013 4 0 CqLBmBKQAN
20152238 1048 1 1 2015 2 9 TtxrmTece
20162423 1049 0 1 2016 1 12 AnrYLmchs
20163918 1050 1 1 2016 1 13 mMUJAxA
20142866 1051 0 1 2014 3 14 fjjmugIzjb
20151659 1052 1 1 2015 2 1 NdGljagyZDh
20130498 1053 1 1 2013 4 4 QpOBytVf
20164486 1054 0 1 2016 1 16 rOwHh
20155196 1055 1 1 2015 1 10 ahdJNvE
20137462 1056 0 1 2013 4 5 ShuPLPKGAk
20162633 1057 0 1 2016 1 9 uSrHgpBUYj
20144158 1058 0 1 2014 3 7 ZupzrtGUihnq
20144022 1059 1 1 2014 3 9 KVvIs
20131146 1060 0 1 2013 4 2 FpiTP
20152392 1061 0 1 2015 2 12 eHCpE
20145037 1062 0 1 2014 3 8 JNDWd
20133925 1063 1 1 2013 4 11 pDGFSFiUULhh
20142647 1064 0 1 2014 3 12 WBrgMETrNMUC
20165458 1065 0 1 2016 1 5 LqVpgKnHkUk
20136602 1066 0 1 2013 4 11 dAtGQDH
20166807 1067 0 1 2016 1 2 PNWFsF
20134098 1068 1 1 2013 4 16 oOcgwdNhSkv
20163830 1069 1 1 2016 1 14 iOITLin
20146600 1070 0 1 2014 3 3 UoqTrQNF
20137278 1071 1 1 2013 4 8 mLiqfG
20154799 1072 0 1 2015 1 4 RaDdocxgx
20152352 1073 1 1 2015 2 12 RPZYzVaFxM
20154448 1074 1 1 2015 2 7 JVNGj
20145882 1075 0 1 2014 3 9 cGSlmlGo
20130540 1076 1 1 2013 4 12 MOnUTSyErnR
20164315 1077 0 1 2016 1 1 MUDcqL
20134575 1078 1 1 2013 4 13 EefOHH
20140762 1079 1 1 2014 2 4 KnwoIiHHJWt
20141567 1080 0 1 2014 3 5 LSSyL
20156336 1081 1 1 2015 2 3 FyMeG
20152397 1082 0 1 2015 2 12 ygMGnYS
20167418 1083 0 1 2016 1 9 PyVdgYvD
20153897 1084 1 1 2015 2 14 yrxtZC
20161828 1085 1 1 2016 1 7 DzmKcupmQQ
20145851 1086 0 1 2014 3 16 inuvvUBvMO
20162816 1087 0 1 2016 1 8 vbkiIEfQSp
20160230 1088 1 1 2016 1 16 UPAYSLRPVe
20134449 1089 1 1 2013 4 14 MfUYlksb
20150925 1090 1 1 2015 1 8 gblPUzCjrq
20130658 1091 0 1 2013 4 15 VDTafcpRlK
20130229 1092 1 1 2013 4 14 RMgnr
20160520 1093 1 1 2016 1 1 GahVN
20142940 1094 1 1 2014 3 10 AZwxcRWdvIxu
20165560 1095 0 1 2016 1 1 gTtQSmSKRnCt
20147147 1096 0 1 2014 3 3 QVPlrEODE
20161162 1097 0 1 2016 1 11 GAzyWq
20154675 1098 1 1 2015 2 10 IKAFg
20130792 1099 0 1 2013 4 9 KiZechm
20156361 1100 0 1 2015 2 7 rYLOSWD
20167754 1101 1 1 2016 1 0 ybBAc
20150398 1102 1 1 2015 3 5 YQJXdrGy
20157146 1103 1 1 2015 2 0 jlmKJlSMAoSS
20140714 1104 0 1 2014 3 6 nflgvxVjJkvE
20162946 1105 1 1 2016 1 15 ZicIEGWFZAdK
20155188 1106 1 1 2015 2 8 jeMjH
20153569 1107 0 1 2015 2 13 FMQZyCtE
20140638 1108 0 1 2014 3 8 mCRSiPvh
20163663 1109 0 1 2016 1 5 ERvqINr
20147075 1110 1 1 2014 3 16 YqnNzeXGHocK
20160515 1111 1 1 2016 2 12 sHmqKlj
20143521 1112 0 1 2014 3 1 mxULosge
20130475 1113 1 1 2013 4 13 tXEOytOfGfHc
20147615 1114 1 1 2014 3 8 BQFGVQRV
20154528 1115 1 1 2015 2 0 BvjrQ
20145234 1116 0 1 2014 2 4 CRjNAwWJBn
20144570 1117 0 1 2014 3 9 JZqcEslhZ
20130905 1118 1 1 2013 4 3 WNfQHN
20141464 1119 1 1 2014 3 5 EylMOqUPzH
20153557 1120 1 1 2015 2 15 cSKJWs
20164962 1121 1 1 2016 1 16 kgtNkjMAy
20146161 1122 0 1 2014 3 15 kHIzw
20166524 1123 1 1 2016 1 15 IBVUkZrM
20144549 1124 0 1 2014 2 6 YjxzUHafs
20151469 1125 0 1 2015 2 6 kyMeTqa
20130330 1126 1 1 2013 4 9 OmSRZv
20167923 1127 0 1 2016 1 13 Otuip
20164350 1128 0 1 2016 1 8 TdZCDQ
20146333 1129 1 1 2014 3 11 izPgjyFgO
20156925 1130 0 1 2015 2 5 KidSIpDrOKV
20142910 1131 0 1 2014 3 13 wyzPff
20153737 1132 0 1 2015 2 6 gAXBZiPEhjH
20150336 1133 0 1 2015 3 10 FjQFNXWekACY
20152337 1134 0 1 2015 2 2 HTekzmrK
20131278 1135 0 1 2013 4 5 DrUaj
20144393 1136 0 1 2014 3 1 MlzZbWCD
20137636 1137 0 1 2013 4 15 McVYQmrBcNk
20166714 1138 1 1 2016 1 1 LdWPTUlvNlug
20164164 1139 1 1 2016 1 4 nRwClUUPo
20167591 1140 0 1 2016 1 4 qAiGQ
20153949 1141 1 1 2015 2 7 QtWXIDTm
20153135 1142 1 1 2015 2 5 QQMwii
20132505 1143 1 1 2013 4 11 iSeOdRHYmGX
20145337 1144 1 1 2014 3 4 CgCJcOtGkhV
20142004 1145 0 1 2014 3 5 MLkbIdftue
20150337 1146 1 1 2015 1 8 weqoQIa
20132623 1147 1 1 2013 4 6 RylYugD
20164664 1148 1 1 2016 1 5 dTBKHOVrg
20141970 1149 0 1 2014 3 5 tYFlicC
20161608 1150 1 1 2016 1 2 IpZkkwy
20166568 1151 0 1 2016 1 9 RGqFneHzNBC
20153281 1152 0 1 2015 2 11 eCzpyqOBIt
20137085 1153 0 1 2013 4 5 dPkgK
20141152 1154 0 1 2014 3 1 NdFlOeV
20152373 1155 0 1 2015 2 11 QWvmWSzRD
20164652 1156 0 1 2016 1 9 xLlHcxATQV
20140194 1157 0 1 2014 3 2 PibgiDYAP
20141876 1158 1 1 2014 3 16 WWFmgZ
20157826 1159 0 1 2015 2 12 iGwwleAIDwYH
20164396 1160 0 1 2016 1 2 oyGJRZZjIXP
20137572 1161 0 1 2013 4 6 hLhfNsmgVz
20136249 1162 0 1 2013 4 10 NOULBbTy
20146640 1163 1 1 2014 4 8 SJidl
20152819 1164 0 1 2015 2 1 iwTtGAYUHQO
20130943 1165 1 1 2013 4 12 cDLQZpNd
20130611 1166 1 1 2013 4 11 WoxYHyAbCIPU
20131941 1167 0 1 2013 3 5 YbQXG
20154289 1168 1 1 2015 2 2 EWZYXvVPscEZ
20140419 1169 1 1 2014 3 15 hSAemvG
20133805 1170 0 1 2013 4 6 FzmrEtAkI
20137585 1171 1 1 2013 4 10 kjunLk
20150216 1172 1 1 2015 2 2 yZUlBQqaZEb
20167450 1173 0 1 2016 1 15 omXxE
20131615 1174 1 1 2013 4 13 mTAgPCvj
20132609 1175 0 1 2013 4 5 yuOegy
20143064 1176 1 1 2014 3 16 cUPsyIiHgm
20141166 1177 0 1 2014 3 13 pEwUsyaU
20150893 1178 0 1 2015 2 9 DOSHIRwA
20150074 1179 1 1 2015 2 11 XVUqAoeksc
20145509 1180 1 1 2014 3 7 WffpWJAywY
20166300 1181 1 1 2016 1 6 APYIndmy
20153695 1182 1 1 2015 2 12 pZijdCVYV
20141573 1183 1 1 2014 3 5 gpbFPIVnqTi
20147589 1184 1 1 2014 3 10 TgTHKI
20145161 1185 0 1 2014 3 0 AaASdiqETQzO
20167172 1186 0 1 2016 1 12 fNJhvwTy
20151968 1187 0 1 2015 2 11 BfQbM
20163358 1188 0 1 2016 1 13 rSlFoEIjRMF
20162031 1189 1 1 2016 1 14 nIbZmQep
20162268 1190 1 1 2016 1 0 rYSRVqUaxKXw
20153426 1191 1 1 2015 2 12 HhEVrTg
20164510 1192 0 1 2016 1 1 thXZVKBKha
20142422 1193 1 1 2014 3 7 aPzoiTXO
20166774 1194 0 1 2016 1 4 MgpMAPXs
20140779 1195 0 1 2014 3 4 kPWJhwLhIDP
20166910 1196 0 1 2016 1 2 lxullRTk
20157552 1197 1 1 2015 2 7 ZyeZQ
20134182 1198 0 1 2013 4 10 lwLDFG
20161391 1199 0 1 2016 1 7 FzQmjdLdrdZm
20147495 1200 0 1 2014 1 11 oMkWNw
20135764 1201 0 1 2013 4 12 KgUyN
20130874 1202 1 1 2013 4 14 tTuKDZf
20131364 1203 1 1 2013 4 15 hNnKys
20164255 1204 0 1 2016 1 14 LhKatw
20134460 1205 0 1 2013 4 4 JARsKWCWnOSS
20130474 1206 0 1 2013 4 3 rvqlw
20136972 1207 0 1 2013 3 5 BkVRVAkudmR
20162821 1208 0 1 2016 1 15 rlhGmjLfR
20162122 1209 0 1 2016 1 2 mFDwFcfuS
20155577 1210 0 1 2015 2 11 PHbHFQrJwcp
20161605 1211 0 1 2016 1 9 JIrAQf
20166195 1212 1 1 2016 1 15 dHdtUz
20163594 1213 0 1 2016 1 16 AufXwLIwxoRj
20137950 1214 1 1 2013 4 0 ZTlxDabKb
20150343 1215 1 1 2015 1 0 BsLvgJB
20130754 1216 1 1 2013 4 10 XeYOtuAxT
20132481 1217 0 1 2013 4 2 IYaAmacEPvLY
20143672 1218 0 1 2014 3 14 zHcTQaqDnIa
20157439 1219 0 1 2015 2 7 XAswEU
20145428 1220 0 1 2014 3 15 rvwmJ
20135912 1221 0 1 2013 4 5 buZdyegSGQD
20141762 1222 0 1 2014 3 8 xhQyblN
20135967 1223 0 1 2013 4 15 KaELsxTivyyH
20160408 1224 1 1 2016 1 13 TOIrjHixcTlw
20134415 1225 0 1 2013 3 11 XBmKAL
20131908 1226 1 1 2013 4 12 BtxhZbAYAH
20151223 1227 0 1 2015 2 6 OifrN
20143759 1228 0 1 2014 1 14 eyzZzRBhxCi
20162434 1229 1 1 2016 1 16 KjEiNTNsmY
20135204 1230 1 1 2013 4 1 mKLKiYTDsD
20165486 1231 1 1 2016 1 0 RPeYYFwRH
20134319 1232 1 1 2013 4 9 dwqbXQ
20130958 1233 0 1 2013 4 3 FAjitZroR
20135945 1234 1 1 2013 4 3 PbCJW
20162806 1235 0 1 2016 1 10 EAoWmfDd
20140166 1236 0 1 2014 4 5 RTtYyf
20152700 1237 0 1 2015 3 10 AOhrhJEO
20143367 1238 0 1 2014 3 15 caydP
20151692 1239 1 1 2015 1 0 dccWYXh
20155787 1240 1 1 2015 2 7 pMujpVbuoLj
20164532 1241 0 1 2016 1 10 tIdkTctovnIl
20166556 1242 0 1 2016 1 11 tiyZrNFLAKP
20133447 1243 1 1 2013 4 3 sQyZGsyUw
20152283 1244 1 1 2015 2 11 hqBEh
20162222 1245 0 1 2016 1 11 wJtEboT
20165331 1246 0 1 2016 1 2 oCxBI
20132376 1247 1 1 2013 4 13 uutOljkDS
20164583 1248 1 1 2016 1 10 VtmOm
20162948 1249 0 1 2016 1 13 DbnGhtPJCWu
20144723 1250 1 1 2014 3 15 GSETH
20151982 1251 1 1 2015 2 0 FaHhsRwLu
20156018 1252 0 1 2015 2 1 NCgiJhtinnj
20146776 1253 0 1 2014 3 0 YJSzMPHLeqU
20141220 1254 1 1 2014 3 0 ztbuP
20130182 1255 0 1 2013 4 12 xQAhAkBZF
20157856 1256 0 1 2015 2 1 OxXGPPmK
20153490 1257 0 1 2015 2 15 kjVJIGLe
20140925 1258 1 1 2014 3 14 GITpkxT
20134324 1259 1 1 2013 4 3 hHRtUIBboSg
20136486 1260 1 1 2013 2 9 OVnlWJXJsBY
20153677 1261 1 1 2015 2 8 CeHVH
20147969 1262 1 1 2014 3 16 GKUNruk
20143643 1263 1 1 2014 3 10 OILyg
20137534 1264 0 1 2013 3 1 iEFPfk
20147677 1265 0 1 2014 3 15 TzlgggYMysg
20156668 1266 0 1 2015 2 5 DxBlMMtuEAc
20167068 1267 0 1 2016 1 4 MIpxVOLPkVMY
20155991 1268 1 1 2015 2 0 SyxPDC
20130196 1269 0 1 2013 4 7 GLLlsZOYaxA
20137783 1270 0 1 2013 4 10 xlGVRP
20150828 1271 1 1 2015 2 13 kPOmQxlKHV
20137727 1272 1 1 2013 4 4 DbpWhGS
20165426 1273 1 1 2016 1 4 ztoNdHfsU
20147871 1274 1 1 2014 3 0 zPfIiVDL
20142697 1275 0 1 2014 3 14 JxlrcwnQucDm
20151612 1276 0 1 2015 2 13 RpmgorMGLwf
20152703 1277 0 1 2015 2 0 aJfCvwqBe
20143027 1278 1 1 2014 3 10 lgujmhcKc
20143408 1279 1 1 2014 3 0 KwxTIt
20135545 1280 1 1 2013 4 1 DglftqEYuyI
20141508 1281 1 1 2014 3 13 vJeMTWdW
20137185 1282 0 1 2013 4 14 srrwSowYEez
20166238 1283 1 1 2016 1 4 xPobRIourSm
20160237 1284 1 1 2016 1 7 oqpflbct
20162443 1285 0 1 2016 1 1 HNhRfUWMnZO
20155313 1286 1 1 2015 2 9 MlUqgqdutccO
20156501 1287 1 1 2015 2 2 Duuoy
20140850 1288 0 1 2014 1 13 sMeEfetYhH
20161128 1289 0 1 2016 1 6 BACCc
20132111 1290 1 1 2013 4 16 EhSPiRzZGKTj
20157650 1291 1 1 2015 2 6 HyJJUX
20164149 1292 0 1 2016 1 13 ODzAlQNcD
20131454 1293 1 1 2013 4 11 qwjSJum
20147869 1294 0 1 2014 3 4 dmiGc
20130681 1295 1 1 2013 4 16 ubBnRcKKq
20163465 1296 0 1 2016 1 0 SqioPNWDqMn
20154267 1297 0 1 2015 2 9 sowCoGL
20153793 1298 1 1 2015 2 15 qiyKARWHQc
20152634 1299 0 1 2015 2 8 wsVAVhRI
20161472 1300 1 1 2016 1 9 YsrCekv
20154972 1301 0 1 2015 2 3 zVzQxT
20156830 1302 1 1 2015 2 13 OilFMZMpr
20160901 1303 1 1 2016 1 0 byDnjoF
20164442 1304 1 1 2016 1 12 jkfOPKxz
20135177 1305 1 1 2013 4 2 wxzBHwlyqj
20145877 1306 0 1 2014 3 6 RuvTAXiF
20161770 1307 1 1 2016 1 13 qwuGc
20146364 1308 1 1 2014 3 8 wJwER
20131381 1309 0 1 2013 4 5 MSkNYxsGW
20150590 1310 0 1 2015 2 3 XqGHnCHVxr
20140823 1311 1 1 2014 3 4 ShYhJyPAMGpP
20132237 1312 0 1 2013 4 5 vsfPASG
20140023 1313 0 1 2014 3 10 CNJUCfqndepy
20130179 1314 1 1 2013 2 13 ekEhtII
20150595 1315 1 1 2015 2 4 fYWjAsOX
20154169 1316 1 1 2015 1 10 XbzqTqCg
20132327 1317 1 1 2013 4 12 beeqtczpy
20144042 1318 1 1 2014 3 15 vAAEGk
20167310 1319 0 1 2016 1 14 njfbgLg
20164182 1320 0 1 2016 1 13 AFzsCHpp
20143058 1321 1 1 2014 3 10 HLGkQRBcMtV
20137926 1322 0 1 2013 4 0 OklhgqNJzdn
20141487 1323 0 1 2014 3 12 tFMZVNlbvdWk
20131670 1324 0 1 2013 4 1 HbNldOlGlq
20130528 1325 0 1 2013 4 13 zaSgK
20135651 1326 1 1 2013 4 10 XGdbZcG
20132258 1327 1 1 2013 4 2 EUFpRZLvH
20137213 1328 1 1 2013 4 8 LEIxsbrNLzg
20141860 1329 1 1 2014 3 1 eVVnPM
20161783 1330 0 1 2016 1 8 gjvpypzqaTl
20155286 1331 0 1 2015 2 11 bIvsDNejf
20132742 1332 1 1 2013 4 12 rdNZndCL
20140610 1333 0 1 2014 3 13 DSYRgXkT
20134472 1334 0 1 2013 4 2 cseRXg
20137128 1335 1 1 2013 4 15 whRksUyES
20152434 1336 1 1 2015 2 3 mWyMydzLcvR
20135841 1337 0 1 2013 4 1 yJsErLsLEp
20154718 1338 1 1 2015 1 15 prcQsCpY
20133503 1339 1 1 2013 4 12 gJSCrNqHI
20146867 1340 1 1 2014 3 13 LCbOZHTkD
20160865 1341 1 1 2016 1 16 EERHpPR
20142938 1342 1 1 2014 3 6 vAsxeL
20131881 1343 0 1 2013 4 13 ZaMnDQVWNx
20141257 1344 0 1 2014 3 11 SrOzLHdolt
20156750 1345 0 1 2015 2 13 fftRIrMJ
20164614 1346 0 1 2016 1 16 aYiQKWKIxv
20152598 1347 0 1 2015 2 16 UMGVdJKc
20164458 1348 0 1 2016 1 4 GvFUismpxdes
20132661 1349 1 1 2013 4 12 jsOzJvxQsr
20162063 1350 1 1 2016 1 1 euwvKWf
20130756 1351 0 1 2013 4 1 iLUPCTFZtAU
20154807 1352 1 1 2015 2 6 PWWJSSgVvssF
20154278 1353 0 1 2015 2 7 SBQzooq
20153489 1354 0 1 2015 2 7 ledVRsJY
20153435 1355 1 1 2015 2 13 cUHjzNPTlw
20136365 1356 1 1 2013 4 5 pRzwMLKadW
20130075 1357 1 1 2013 4 3 oPeupp
20137586 1358 1 1 2013 4 0 dDowwBgh
20131386 1359 0 1 2013 1 11 IgbnPJpiG
20137833 1360 1 1 2013 4 5 nwgQzULjF
20145330 1361 1 1 2014 3 13 ghLzFLFAq
20162048 1362 0 1 2016 1 10 GgnMZaE
20140928 1363 0 1 2014 3 4 SSuGgwBagL
20165492 1364 1 1 2016 1 11 WHGBoBBjcmwe
20144433 1365 0 1 2014 3 10 LWWwQIES
20157840 1366 1 1 2015 2 16 TOmGzt
20136766 1367 1 1 2013 4 4 QEPIFewu
20131735 1368 1 1 2013 4 14 EvJoHIwQh
20153810 1369 0 1 2015 2 9 qtAjC
20143599 1370 0 1 2014 3 16 ojjUf
20143837 1371 1 1 2014 3 9 ozYXWDRX
20155892 1372 1 1 2015 2 13 LkuyCJG
20167982 1373 1 1 2016 2 6 HAnDp
20137328 1374 0 1 2013 4 14 quWkEQpHrg
20165352 1375 0 1 2016 1 12 nicHZ
20143369 1376 1 1 2014 3 7 xKYthHvYgsmE
20167244 1377 1 1 2016 1 10 plPbcmGp
20155794 1378 1 1 2015 2 1 FDNxWwx
20136608 1379 0 1 2013 4 16 sUUespVBrrcA
20141252 1380 0 1 2014 3 13 XeluBPX
20143647 1381 1 1 2014 3 3 QVxggwkPJRDn
20151432 1382 1 1 2015 1 15 fGUCN
20141535 1383 0 1 2014 3 3 fJZldqtyn
20137208 1384 1 1 2013 4 16 IEkaEjAYqa
20133264 1385 1 1 2013 4 4 EZsVzluBGVwH
20133497 1386 0 1 2013 4 6 xatgDdoQx
20157243 1387 1 1 2015 2 13 EzrigqUDyjx
20163649 1388 0 1 2016 1 10 TlWPsZBRbO
20156015 1389 1 1 2015 2 0 lFjLKTJTC
20162841 1390 0 1 2016 1 14 bBjkRfLFvRJ
20130189 1391 0 1 2013 3 1 YxGKh
20150100 1392 1 1 2015 2 10 ZjsShtU
20153812 1393 0 1 2015 2 9 VJvUGUel
20166648 1394 1 1 2016 1 1 TCDKmuYg
20141523 1395 0 1 2014 2 9 OmFpjcn
20153851 1396 1 1 2015 2 6 qwXuJfaFIw
20160474 1397 1 1 2016 1 12 QQClWxsQF
20164633 1398 0 1 2016 1 0 sDMVtdzGPs
20165891 1399 1 1 2016 1 14 UVRlBkdUuJsJ
20163200 1400 1 1 2016 1 11 XKMlqxDkdCF
20153854 1401 1 1 2015 2 12 gIboTBmmIoBI
20141990 1402 1 1 2014 3 10 tJABgj
20161697 1403 1 1 2016 1 6 VtEZHrBNIym
20134919 1404 0 1 2013 4 14 RKKjwDk
20151780 1405 0 1 2015 2 6 WCAvGWHLHS
20156578 1406 1 1 2015 2 10 yeiXvUmda
20144931 1407 0 1 2014 3 5 yZeHmTM
20130544 1408 1 1 2013 4 10 cEquaDclGdS
20133340 1409 1 1 2013 4 7 hmbCuotSvaC
20145487 1410 0 1 2014 3 3 LYXYdmZw
20130899 1411 0 1 2013 4 7 ORoBMd
20156525 1412 0 1 2015 1 5 WoOfVytje
20140483 1413 0 1 2014 3 4 kavidXG
20135538 1414 1 1 2013 4 11 gMitQBiu
20137492 1415 1 1 2013 4 3 HsaSq
20136193 1416 1 1 2013 4 3 xiMhgFH
20164252 1417 0 1 2016 1 3 YVPiLPVFpK
20161011 1418 1 1 2016 1 10 zZIcWsEePOA
20131560 1419 0 1 2013 4 4 QuoXvUdg
20147834 1420 1 1 2014 3 11 LDVanP
20131840 1421 0 1 2013 4 0 KWempks
20167497 1422 0 1 2016 2 4 FRbtMshe
20132785 1423 0 1 2013 2 2 GeHBdNlCy
20152529 1424 0 1 2015 2 7 pSSytnvutSLp
20167540 1425 1 1 2016 1 12 HPnIl
20152805 1426 0 1 2015 2 5 RsaNKJIBF
20164791 1427 0 1 2016 1 11 BiRxiyI
20145392 1428 1 1 2014 3 4 mdOkpvTik
20145210 1429 0 1 2014 3 2 tKKnGYPFtgG
20145549 1430 0 1 2014 4 5 NEGKqBXCWW
20155578 1431 0 1 2015 2 3 ybAPNGvG
20162979 1432 0 1 2016 1 11 LuFowjk
20166971 1433 0 1 2016 1 11 nkZNQQNot
20141277 1434 0 1 2014 3 13 ILChZrYhh
20130073 1435 1 1 2013 4 12 IBNjGuBAn
20154193 1436 0 1 2015 2 12 EhqmtWfMW
20131620 1437 1 1 2013 4 9 MUIrTOVB
20155497 1438 1 1 2015 2 12 FkWOYHHyiBS
20145826 1439 1 1 2014 3 9 WyAALIlMU
20167276 1440 0 1 2016 1 7 AKLKIeOGR
20153790 1441 0 1 2015 1 0 mmufz
20136582 1442 1 1 2013 4 8 EaCoDtYK
20145578 1443 1 1 2014 3 10 brWSbxwhWVD
20143159 1444 0 1 2014 3 9 mepOTL
20154418 1445 1 1 2015 2 11 XmwWFVtVkI
20162489 1446 0 1 2016 1 4 eZyau
20130159 1447 1 1 2013 4 5 rfcySf
20133449 1448 0 1 2013 4 11 yvIHiTlHHLgO
20144924 1449 0 1 2014 3 5 gZTYo
20141072 1450 0 1 2014 4 14 YcvBjKnAu
20142380 1451 1 1 2014 2 2 IDWKtOW
20163008 1452 0 1 2016 3 14 nxGXlWtpteaH
20163967 1453 0 1 2016 1 11 RdPLmgSSuaS
20142208 1454 0 1 2014 3 11 PgFGNilg
20152503 1455 1 1 2015 3 11 hhIJbQoggsdb
20147370 1456 1 1 2014 3 8 SsFrrpLuqk
20130607 1457 1 1 2013 4 10 jZDRP
20146196 1458 0 1 2014 3 2 wPCrUkwzXZ
20144074 1459 1 1 2014 2 4 cTnFhLmom
20145722 1460 1 1 2014 4 15 giNUmSPlTBok
20144611 1461 1 1 2014 4 10 xQhVm
20153019 1462 0 1 2015 2 10 DuZiEJ
20164761 1463 1 1 2016 1 14 GWHIkoCarwA
20143056 1464 0 1 2014 3 5 bKzOVkmMeqm
20144890 1465 1 1 2014 4 14 HYkxxwnLKK
20167163 1466 1 1 2016 1 16 Dkhckjr
20150683 1467 1 1 2015 1 13 xGwOhc
20145716 1468 1 1 2014 3 2 zLzvxdUZYUT
20153932 1469 1 1 2015 2 3 ukpqGsHRss
20161452 1470 0 1 2016 1 1 YlkeiiynGO
20132741 1471 0 1 2013 4 9 mTDwMl
20134954 1472 0 1 2013 4 7 HDPqld
20136813 1473 1 1 2013 4 12 yShIlz
20132862 1474 1 1 2013 4 10 sNOAu
20142396 1475 1 1 2014 3 12 qInYYozjyjiX
20147460 1476 0 1 2014 3 5 EcfaFe
20154615 1477 0 1 2015 2 7 eOErE
20142904 1478 1 1 2014 3 4 MrUUyY
20132599 1479 0 1 2013 4 2 yUidQKrIlbW
20154136 1480 0 1 2015 2 11 lFcJUeyupsY
20134680 1481 0 1 2013 4 7 MDmUERlSrXs
20141198 1482 0 1 2014 4 1 jALybY
20163032 1483 1 1 2016 1 1 LxTPgvjl
20146387 1484 1 1 2014 3 2 IfKvoqgf
20130584 1485 0 1 2013 4 13 aFwuEqYlK
20137240 1486 1 1 2013 4 15 hatvdV
20133517 1487 0 1 2013 4 15 DdfqeShF
20151006 1488 1 1 2015 2 6 TqvIwXct
20140670 1489 0 1 2014 3 12 cOcYHjVcSMI
20130241 1490 0 1 2013 4 6 ctimiJxCDn
20152882 1491 0 1 2015 2 3 UAsElHZRic
20161249 1492 1 1 2016 1 1 wbAsZuq
20133523 1493 0 1 2013 4 12 aOzdVtyAd
20167758 1494 0 1 2016 1 7 HoOoHgxAk
20144105 1495 1 1 2014 3 8 ypWpCoKZqyU
20165621 1496 0 1 2016 1 13 nNJCZM
20151095 1497 1 1 2015 2 7 ALCDYaRpNW
20137296 1498 0 1 2013 3 1 JLndKSv
20141916 1499 1 1 2014 3 7 iZMJoIKWAVk
20147678 1500 1 1 2014 3 7 lbJDVV
20142178 1501 0 1 2014 3 13 jhzpyjDYkJ
20145579 1502 1 1 2014 3 11 YKyki
20161058 1503 1 1 2016 1 12 mlptHHCz
20163577 1504 1 1 2016 1 5 APoSDLhWSB
20144750 1505 0 1 2014 3 12 ECLnwED
20146007 1506 1 1 2014 3 10 WGrgYOjhNf
20157729 1507 1 1 2015 2 3 FOvBe
20160081 1508 1 1 2016 1 10 PhSJgbk
20132678 1509 1 1 2013 4 9 BUYSoynF
20160676 1510 0 1 2016 1 5 WciqkJ
20154899 1511 1 1 2015 2 3 PtIVIwcvv
20143784 1512 1 1 2014 3 13 abKqwpbbhUY
20147565 1513 0 1 2014 3 15 RrMyPphdsL
20145608 1514 0 1 2014 3 12 tFzUXEb
20136172 1515 0 1 2013 4 6 RIMPtg
20143243 1516 1 1 2014 2 1 rWlLJtle
20165929 1517 1 1 2016 1 15 ntQyJyMNNd
20137514 1518 0 1 2013 4 15 dNDfgfTt
20142168 1519 0 1 2014 3 2 kzIKJoDFTI
20135055 1520 1 1 2013 4 10 ovUkC
20143191 1521 0 1 2014 4 13 pGRexjP
20135973 1522 0 1 2013 4 6 EGWtQdqJINty
20140922 1523 1 1 2014 3 9 EoGdZSokNtTo
20136748 1524 1 1 2013 4 11 gDUYeJ
20142986 1525 1 1 2014 3 11 bokqtHaVam
20132144 1526 1 1 2013 4 6 dPynumKi
20150446 1527 0 1 2015 2 12 uAIRJhUXXNT
20167577 1528 0 1 2016 1 7 onwVqIW
20162517 1529 1 1 2016 1 8 SqafeMU
20146629 1530 0 1 2014 3 15 hfLRJP
20165916 1531 0 1 2016 1 14 HStDMeyBR
20135874 1532 0 1 2013 4 16 ynlwDg
20147791 1533 0 1 2014 3 12 QQVCUDKNbPwn
20147469 1534 1 1 2014 3 15 AUFHo
20156912 1535 0 1 2015 2 16 AfxLZVoDuP
20140146 1536 1 1 2014 3 7 jUSugfkeA
20166693 1537 1 1 2016 1 9 xKntqHxo
20141091 1538 0 1 2014 3 10 xvUwmAQ
20141815 1539 0 1 2014 3 3 uycLWpRCs
20162949 1540 0 1 2016 1 12 EAkCZGLODg
20162857 1541 1 1 2016 1 12 pGiGzs
20154640 1542 0 1 2015 1 1 CTadyLug
20162052 1543 0 1 2016 1 13 PiymMW
20130236 1544 1 1 2013 4 1 VIqVLo
20140551 1545 1 1 2014 3 14 mQVVpVHpJtg
20167226 1546 1 1 2016 1 5 sBBup
20164162 1547 1 1 2016 1 16 nSxXg
20150955 1548 1 1 2015 2 2 ItgetPUGOMDX
20157183 1549 0 1 2015 2 12 mRLuJxEzmyQ
20140394 1550 1 1 2014 3 2 cDDhzlJI
20166180 1551 1 1 2016 1 7 yQbJAymaMeQ
20150097 1552 1 1 2015 2 8 xbPUENcRcA
20133065 1553 0 1 2013 4 6 NWuEw
20163065 1554 1 1 2016 1 3 OXlNZ
20132513 1555 0 1 2013 4 7 TotglWmm
20141261 1556 0 1 2014 3 8 VBxBVyi
20144578 1557 0 1 2014 2 16 CCOMMQ
20155078 1558 0 1 2015 2 1 UvKpCJ
20150878 1559 1 1 2015 1 6 JbpbrtVAA
20146140 1560 1 1 2014 3 2 Vjphfj
20134611 1561 1 1 2013 4 13 RdXGdXKKRBTn
20167947 1562 0 1 2016 1 1 IqKTAHoXvYi
20132445 1563 1 1 2013 4 2 boogMExKKy
20165975 1564 0 1 2016 1 7 wRJmyBa
20145489 1565 1 1 2014 3 15 lNFHu
20160750 1566 1 1 2016 1 4 qbjbgBZF
20136149 1567 0 1 2013 4 2 pxHvlPLNoa
20133333 1568 1 1 2013 4 5 SkqLwMHcU
20145865 1569 0 1 2014 3 16 bSOWsR
20156214 1570 0 1 2015 2 8 hLDxcEFgO
20151282 1571 0 1 2015 2 9 gjiSiYMroI
20163007 1572 0 1 2016 1 9 CrvaUtVVxlO
20140896 1573 0 1 2014 3 5 pHHxJnVf
20150367 1574 1 1 2015 2 4 stkseHRjFej
20164522 1575 0 1 2016 1 3 wRNNWJot
20134882 1576 1 1 2013 4 16 VvDpVCNU
20167810 1577 0 1 2016 1 13 XwQIGkdN
20151641 1578 1 1 2015 2 14 kkkfZw
20137231 1579 0 1 2013 4 14 TbILprbkX
20132187 1580 0 1 2013 4 9 TSkaqhG
